0 0.289358818534419 0.7827914899824922 0.2804953143729261 0.7043494685208661 0.16623859299695046 0.7172598309328027 0.17510209715844338 0.7957018523944288
1 0.42407528742985284 0.7726965007377219 0.4177943776410612 0.6999426137667136 0.3127512147935132 0.7090110863561947 0.31903212458230484 0.781764973327203
2 0.5674652981176639 0.5407490594867906 0.562947028655455 0.43569932505805886 0.45053266841969136 0.44053435271166597 0.45505093788190026 0.5455840871403977
3 0.546741355354993 0.4131357037164894 0.54615253753293 0.32746262435913587 0.44761250283096626 0.32813987477495443 0.44820132065302926 0.4138129541323079
4 0.42611333709631466 0.6767891219511601 0.420750783579655 0.5795480501633619 0.29970056266759376 0.5862236068587978 0.3050631161842535 0.6834646786465961
4 0.2769938839684888 0.685005651742935 0.2684471190599459 0.5857003726593608 0.1347243628880411 0.5972092971643896 0.14327112779658396 0.6965145762479639
4 0.28447420625 0.333664021875 0.16765872968750004 0.333664021875 0.16765872968750004 0.42129629687500003 0.28447420625000003 0.42129629687500003
4 0.3008432546875 0.2420634921875 0.19940476250000005 0.2420634921875 0.19940476250000005 0.309854496875 0.3008432546875 0.309854496875
4 0.5549007449443487 0.7654297792497765 0.5512764029128654 0.690677656350295 0.4466612217083109 0.6957499029121855 0.4502855637397943 0.770502025811667
5 0.2760232528761991 0.5549418602815244 0.27264955681483 0.44248519737671776 0.13447034907786662 0.4466305689079707 0.13784404513923573 0.5590872318127774
5 0.4165370840081287 0.24500774288909385 0.32566843063911327 0.24351809198769409 0.3246351416522337 0.3065486843839073 0.4155037950212491 0.3080383352853071
1 0.4139384921875 0.3313492062500001 0.31026785781250005 0.33134920625000003 0.3102678578125001 0.4143518515625 0.4139384921875 0.4143518515625
5 0.42578148864149873 0.8493399448913251 0.41941158969930925 0.790645870129209 0.32362453680680364 0.801041363189937 0.3299944357489932 0.8597354379520532
5 0.5441537414863006 0.8353571293747677 0.5378558508459259 0.7784275129123581 0.4408748770975075 0.7891561214085681 0.4471727677378821 0.8460857378709775
6 0.5729161015388878 0.666324199492222 0.5685589945473934 0.5748248600277561 0.44943113833666964 0.580497609341745 0.453788245328164 0.6719969488062107
6 0.42163437336697474 0.5503743507261457 0.42030903765001426 0.4416970557241128 0.2998537453094816 0.443166025863946 0.30117908102644214 0.5518433208659789
6 0.30462763658668923 0.8625017687740218 0.29715257407013845 0.8000679990065095 0.19399105469124228 0.81241930839454 0.201466117207793 0.8748530781620522
6 0.5300668188405137 0.308447018378678 0.5294481288184867 0.24464469627739663 0.4409093769750544 0.24550325503394616 0.4415280669970813 0.30930557713522755