0 0.5421013415419147 0.3776279267821073 0.47128528696292404 0.3010968933485783 0.4201358059287263 0.34842677089101154 0.4909518605077169 0.4249578043245406
0 0.6441110068014815 0.2774075160375844 0.5812697330138625 0.21498799799438517 0.5465838084118588 0.24990828819884792 0.6094250821994777 0.31232780624204726
0 0.7274733791726449 0.36556020705394315 0.6623354855201006 0.29690134685139224 0.628321782406182 0.329170757814922 0.6934596760587264 0.39782961801747285
0 0.7537779187542892 0.5897956009646947 0.6618089476798269 0.49908648018626545 0.6102673187662876 0.5513439658503445 0.7022362898407499 0.6420530866287737
0 0.6315207021663165 0.7619797286765079 0.5525296964321251 0.6800631304299056 0.5037304012231019 0.7271195938352368 0.5827214069572934 0.809036192081839
2 0.5765054676153976 0.8276080001820564 0.50745423781048 0.7520762321416533 0.4647163499813901 0.791147258683554 0.5337675797863076 0.866679026723957
2 0.5913525125000001 0.3200231484375001 0.5241402109375001 0.252810846875 0.4840443125 0.29290674531250005 0.5512566140625001 0.3601190468750001
1 0.6855590844193794 0.40925587099973243 0.6116273235032221 0.33986377816201496 0.5712122920742664 0.3829227827090066 0.6451440529904237 0.45231487554672406
2 0.8144801315885859 0.45481277149865473 0.7419379240914136 0.3800211927938302 0.7074000332329415 0.41352034989891145 0.7799422407301139 0.48831192860373607
3 0.45813191938423914 0.5718185002349361 0.37537060179490306 0.48292671360318734 0.32637482933194495 0.5285434667250495 0.4091361469212811 0.6174352533567983
3 0.42306160729344 0.6569523913814717 0.3505752483188857 0.5752881713461966 0.3096318317245738 0.6116301481827848 0.3821181906991281 0.6932943682180599
3 0.7861888243665449 0.504332654244986 0.7056486143645343 0.42613827569791257 0.6635460479846104 0.46950391912228345 0.744086257986621 0.547698297669357
4 0.6007632114300037 0.5715377834274789 0.5055393627976554 0.473400483737762 0.444151163762705 0.532966220630858 0.5393750123950533 0.6311035203205748
1 0.5412799474461443 0.6655927910828099 0.45964611533867705 0.5785167036773382 0.41100406666930517 0.6241186243969552 0.49263789877677244 0.7111947118024269
5 0.6446713410481826 0.48029557671594325 0.5631810943022171 0.3985649460025228 0.5136103259404844 0.4479899181326032 0.5951005726864499 0.5297205488460237
5 0.6960189256168516 0.6767259739352125 0.6076221322650215 0.5851634561145246 0.5449327410460865 0.6456853955808961 0.6333295343979166 0.737247913401584
6 0.4964209355790685 0.7415342732943169 0.4255217552985198 0.6642524449445021 0.38627236681609545 0.7002602559569515 0.4571715470966442 0.7775420843067664
6 0.5018447338655961 0.4734395566505576 0.4067820542724502 0.37313720477477086 0.3486737650135457 0.42820998801684135 0.44373644460669154 0.5285123398926281