0 0.6643214618549835 0.42753367490303884 0.6458551967482614 0.3995391521742975 0.5630362466822528 0.45416972053934207 0.5815025117889749 0.4821642432680834
0 0.474692218049417 0.6058362696492396 0.40680481643618566 0.5598164442502822 0.38761645937767797 0.588122672938375 0.45550386099090934 0.6341424983373324
0 0.39453592260680104 0.5569418410980151 0.32530660881152207 0.5151157994289892 0.309093652352556 0.5419510390418774 0.378322966147835 0.5837770807109033
1 0.4010384630824283 0.5068492917744143 0.32166780853212595 0.45990445331938795 0.302374066156151 0.49252480118943326 0.3817447207064533 0.5394696396444596
2 0.46129309974813626 0.381287952312714 0.35850467068554137 0.32561088404091604 0.32852171472061376 0.38096403099978604 0.43131014378320864 0.436641099271584
2 0.5574507400232901 0.43248716919983393 0.45017202492123437 0.37707167240314343 0.41978221910481067 0.4359032178848691 0.5270609342068664 0.4913187146815597
2 0.5675798499468507 0.5339231451215952 0.5503400176364935 0.5097579098383473 0.47352981025715274 0.5645554352678462 0.49076964256751 0.5887206705510941
2 0.6176190483743518 0.5313293655631791 0.6038095253325926 0.5129166674581175 0.534867725568889 0.5646230152700926 0.5486772486106481 0.5830357133751545
1 0.5416205365472335 0.3384706029825435 0.44388246140473464 0.2907976627802819 0.4198261433402056 0.3401174280950978 0.5175642184827044 0.3877903682973594
3 0.6377556194310704 0.38408664599343195 0.5357507344247889 0.3354024976590926 0.5103598363948527 0.3886024759346295 0.6123647214011341 0.4372866242689689
3 0.734554894897593 0.3850688425039783 0.7166555280195673 0.3564771140598372 0.6349194016434534 0.40764663030832143 0.652818768521479 0.4362383587524626
3 0.586068883388167 0.47934933362761994 0.5664936390134145 0.4496239623285717 0.4795158099406299 0.5069020444812322 0.49909105431538237 0.5366274157802804
4 0.3673647591562662 0.3383394331897948 0.3417121402828445 0.28214797939247666 0.23927152675320063 0.3289143439986342 0.2649241456266223 0.38510579779595233
4 0.40110368034240595 0.4411339555860234 0.3159340904285415 0.392161439289581 0.29406333770424387 0.43019752935610833 0.37923292761810834 0.4791700456525508
4 0.31684667884977463 0.4597635408122677 0.24018119140624675 0.41386975054066577 0.22166931770058823 0.4447937995838653 0.2983348051441161 0.4906875898554673
4 0.3221341251859251 0.5113652893569035 0.25155879550522986 0.468789954840266 0.23530456888070517 0.4957338982233129 0.3058798985614004 0.5383092327399505
4 0.6776348609110607 0.4875609891851874 0.6633440547889826 0.4690169672424401 0.5977257192139597 0.519585226633595 0.6120165253360377 0.5381292485763423
5 0.6160800299889555 0.29882911974520315 0.5201762787379923 0.25632631734539457 0.5002610173263585 0.3012633137004357 0.5961647685773217 0.3437661161002442
5 0.4929989358830369 0.4970269494324948 0.40799488805430056 0.44884993930239636 0.3850809157804831 0.48927960461060227 0.47008496360921936 0.5374566147407006
5 0.48386469953628114 0.5554512782734815 0.4073411305056224 0.5122919843682794 0.38877036813727406 0.5452188672586173 0.4652939371679327 0.5883781611638195
5 0.5505167875704935 0.5787458160079806 0.5365248118540045 0.5605621523618808 0.46886680087738997 0.6126236766528773 0.48285877659387894 0.6308073402989771
6 0.5277437820736451 0.2589973254471346 0.4338970253110624 0.2173610892595069 0.4143516936410233 0.2614156473808583 0.508198450403606 0.30305188356848606
6 0.7078035563951508 0.3391083221957821 0.6083708509043638 0.29706630429886827 0.5882512000916845 0.34465087359190094 0.6876839055824715 0.3866928914888147
6 0.45283459038096974 0.2943928417273476 0.35502295909985776 0.2482478392519373 0.33208900028692867 0.29685999231058735 0.42990063156804065 0.3430049947859976
6 0.3128384780556523 0.39722795796073107 0.22803317164541942 0.347715877914028 0.2077924553779698 0.38238459196127705 0.2925977617882027 0.4318966720079801
6 0.7024014468709023 0.43917974623840045 0.6883382912397908 0.4190651715719973 0.6179699858125255 0.4682633498647816 0.632033141443637 0.4883779245311848
1 0.6426143153638745 0.4815901291281892 0.6266239800491161 0.4590661093681848 0.5483192389636729 0.5146565004277301 0.5643095742784313 0.5371805201877345