0 0.31611818769527283 0.33871998938759235 0.2701294307876245 0.3170105908986688 0.22065447953491057 0.4218173411796454 0.2666432364425589 0.4435267396685689
0 0.2672839532966738 0.4494159007069645 0.2160687599597141 0.42553316821220816 0.1627941044887718 0.5397777078813305 0.21400929782573147 0.5636604403760869
1 0.4099257355236108 0.31956803786540605 0.35227190811297043 0.2954042985198361 0.3037498238478632 0.41117627535743234 0.36140365125850354 0.43534001470300226
0 0.5430518581820909 0.6865882365195499 0.42491884105357336 0.679739946140479 0.4212463164528134 0.7430909998417579 0.5393793335813309 0.7499392902208288
2 0.37947421869249476 0.6418782964025005 0.3003372879325031 0.5363624302693786 0.2506547489550055 0.5736243491743747 0.3297916797149972 0.6791402153074966
2 0.34491643471488576 0.7228128672742989 0.27535269911975657 0.638649337624176 0.23994612831899587 0.6679139530669141 0.30950986391412505 0.7520774827170371
2 0.5554844947895851 0.45797988768941494 0.49395287151985956 0.4437802826322669 0.45315844117023696 0.6205561513746455 0.5146900644399625 0.6347557564317936
2 0.5740507566206852 0.3169843767230956 0.5176311164886285 0.31217588325498435 0.5029182805874142 0.48480644049156896 0.5593379207194709 0.4896149339596801
3 0.4954422508882086 0.6514592232041682 0.41672227766587133 0.5403251793977261 0.353780727589944 0.5849087918250657 0.4325007008122813 0.6960428356315077
3 0.5924200748744816 0.5728998213347578 0.5439025540356905 0.5638027853746318 0.5149511440791452 0.7182102915157444 0.5634686649179362 0.7273073274758703
3 0.5828107532328134 0.781606630462276 0.4843582610052087 0.7445085850273407 0.47165594169828856 0.7782185818257015 0.5701084339258934 0.8153166272606367
1 0.6178814616461701 0.44417454002821144 0.5747280405978062 0.43573814905419006 0.5460436618357785 0.5824631026558236 0.5891970828841423 0.590899493629845
4 0.36034901435513017 0.2464354943290079 0.3161972074831868 0.22560227433627683 0.26951516326877634 0.32453544939329204 0.31366697014071965 0.34536866938602306
4 0.4502985006654009 0.217365611715723 0.39626919972187963 0.1948534010194374 0.3525215437080941 0.29984776626551507 0.4065508446516154 0.3223599769618007
4 0.5170621521047983 0.2949324322926407 0.4402272816529174 0.27129093333402965 0.40040889105512695 0.4007007008170369 0.47724376150700787 0.42434219977564797
4 0.6175377144681857 0.3538829094518803 0.5708469127034299 0.1994919942833997 0.5239378224005774 0.21367821135391463 0.5706286241653332 0.36806912652239515
4 0.40200892875000005 0.75933366375 0.30518353265625003 0.72705853171875 0.29330357203124996 0.7626984135937501 0.390128968125 0.7949735456250002
5 0.36054789998384307 0.43559706991415215 0.2977788927076772 0.41041647882350996 0.24695664361698508 0.5371038195408722 0.3097256508931509 0.5622844106315144
5 0.4757189957497272 0.42794921809663367 0.3920816346800345 0.4024235293780828 0.34915812958668135 0.5430665002085042 0.43279549065637407 0.5685921889270551
5 0.28113626834777483 0.6399768811875812 0.20753690525609514 0.5450305174356793 0.1660369701007851 0.5771999305135513 0.23963633319246477 0.6721462942654532
5 0.6456235506166391 0.5365809034275448 0.6111458034690334 0.5307501091049265 0.5880944759715682 0.6670536377324576 0.6225722231191739 0.672884432055076
6 0.5487061119784606 0.18490958857206674 0.47997031164586534 0.16255648340255205 0.4414429762999778 0.2810280429285864 0.5101787766325732 0.30338114809810107
6 0.6411585337809392 0.4644607378808451 0.611157086638746 0.3244539620495216 0.5725392005319431 0.3327292220281695 0.6025406476741363 0.47273599785949305
6 0.6582953054631941 0.553613116995113 0.6314414859027033 0.4429428336771929 0.6064689401080471 0.44900234864933186 0.6333227596685379 0.5596726319672519
6 0.6249593048186218 0.6605317319868061 0.5870978204934759 0.6539992925917201 0.5631702538538864 0.7926815113575266 0.6010317381790323 0.7992139507526127
1 0.43500205754209115 0.7308533724532742 0.369043041718707 0.6377347331218588 0.32198367009046464 0.6710684443976266 0.3879426859138488 0.764187083729042
6 0.4637025419686598 0.7602781340282299 0.3828091473782832 0.7467959039046002 0.37593173527824997 0.7880603835690996 0.4568251298686265 0.8015426136927294