0 0.46931299779534524 0.3613269378368286 0.3991183288479161 0.3534262411812704 0.38724061256432507 0.4589552089073773 0.4574352815117543 0.46685590556293555
0 0.3511227890310096 0.6073031903995184 0.2838244795347662 0.5967749278798171 0.2667603540880118 0.7058515009087913 0.3340586635842552 0.7163797634284925
0 0.5893504997165665 0.516384582034179 0.5626194320268307 0.5145050555023893 0.5546686813333869 0.627582498877599 0.5813997490231226 0.6294620254093888
2 0.5653908253248745 0.368974576434328 0.4901945017569437 0.3608533732502281 0.4778951396294958 0.47473635256362323 0.5530914631974266 0.48285755574772316
3 0.5340699103339965 0.6523624503637226 0.45597392767578065 0.6436329713879415 0.4418909064610962 0.7696230085492224 0.5199868891193121 0.7783524875250035
4 0.3659683067711154 0.4765972566627207 0.2997373595211892 0.4683345248604134 0.2868073212770187 0.5719768433306858 0.3530382685269449 0.5802395751329931
1 0.45102373904249476 0.4946076686158505 0.38123026527743736 0.4863615233835533 0.3681758643226141 0.5968509660131238 0.43796933808767147 0.6050971112454209
4 0.6055444795170043 0.3782110219478013 0.5790097285850451 0.375903652775558 0.5690866139343218 0.4900194947022408 0.5956213648662809 0.49232686387448404
4 0.6303312909572651 0.40234994025123144 0.6079242496432945 0.40054937436383764 0.5997626510810177 0.5021159304412027 0.6221696923949882 0.5039164963285965
4 0.63946732049492 0.5359225928938997 0.6207476790673008 0.5341575983776629 0.6123913057804389 0.6227858123048791 0.6311109472080582 0.6245508068211159
5 0.43592972783571105 0.6299458490057115 0.36624207956083066 0.6221766183038107 0.35320712303953034 0.7390962336670773 0.4228947713144107 0.7468654643689783
5 0.3827375184006869 0.3518667263909037 0.3204643026104785 0.3437626777422661 0.307632518021653 0.44236481172720143 0.3699057338118614 0.45046886037583905
5 0.604730560806272 0.6529206722045064 0.5812607040825231 0.6507652770976528 0.5714579435050158 0.757506442798426 0.5949278002287647 0.7596618379052799
5 0.6285901725258864 0.6479132367773099 0.60959880913937 0.6458030875055782 0.5992154237997751 0.7392536536850274 0.6182067871862915 0.7413638029567591
6 0.5780903454288054 0.6560611120047142 0.5499183878348133 0.6532594807002445 0.5375009665700258 0.7781235428415557 0.565672924164018 0.7809251741460252
6 0.5488374079683058 0.5060990753132246 0.47217827328863277 0.4995056863635529 0.4617646914504176 0.6205809298729285 0.5384238261300907 0.6271743188226002
6 0.6496324595808068 0.42442119594780003 0.6317048129428543 0.4226578205613312 0.6228491199094319 0.5126906840432797 0.6407767665473845 0.5144540594297484
0 0.6175208814897688 0.5300223154342303 0.593626491227288 0.5281022311024504 0.5856414040492746 0.6274722359264092 0.6095357943117554 0.6293923202581893