0 0.7624483135597657 0.2700515958609646 0.6519601741720009 0.2542374538034423 0.6477606484837686 0.2835781400016668 0.7582487878715334 0.29939228205918916
0 0.5213887809667137 0.22344087197700357 0.48309183444987386 0.20416724542227502 0.44646897195119567 0.27693734929571356 0.4847659184680356 0.2962109758504421
1 0.4787843198527556 0.30032492056149496 0.4434348298147223 0.2823696231364751 0.40882552932675303 0.3505066800653117 0.4441750193647863 0.3684619774903316
0 0.7377432286981509 0.21037669069181475 0.6459404567138123 0.1922296329120849 0.6418147122127678 0.21310104833889248 0.7336174841971065 0.23124810611862232
2 0.6637380604033243 0.25572377280506337 0.5467982891244841 0.239448649161388 0.5421609706502848 0.272768639447959 0.6591007419291249 0.2890437630916344
2 0.5588116730586085 0.4529100750628644 0.46183290928002574 0.44985829560385343 0.46024570699005257 0.5002960543002215 0.5572244707686352 0.5033478337592325
3 0.5657498109477508 0.17691934352809396 0.46664034364033735 0.15777994253864072 0.462249176170063 0.18051870375046536 0.5613586434774763 0.19965810473991863
3 0.6522645791582043 0.4572547249623075 0.5571084114987259 0.454591771876898 0.5557585098056397 0.5028282475906157 0.6509146774651181 0.5054912006760253
4 0.5676257761018134 0.2761752185353087 0.5222566655138086 0.25147888246266004 0.4809509809721694 0.3273606717438782 0.5263200915601742 0.3520570078165268
4 0.5185321796233383 0.3568322523170821 0.4769074573519424 0.33355821402142316 0.43840025273328037 0.40242686832790786 0.48002497500467645 0.42570090662356685
4 0.4423287999429043 0.3709409820863008 0.4087943682520262 0.3537438380461403 0.37614561533377505 0.41740890777938366 0.40968004702465316 0.43460605181954415
4 0.7612461043562755 0.31254243892381683 0.6595652974412209 0.3015768631236301 0.6524500116361575 0.367554976382194 0.754130818551212 0.3785205521823807
4 0.8489254984482828 0.33415140999922577 0.8060052926540495 0.2974282387867776 0.734591919298261 0.38089261780674344 0.7775121250924945 0.41761578901919155
5 0.8494469344917206 0.2833487384815605 0.7463603770592945 0.26939717354676596 0.7421312883339896 0.30064543851241826 0.8452178457664157 0.3145970034472128
5 0.6536331087960244 0.19549938096613495 0.5595214685857963 0.17645297781433075 0.555586665934707 0.19589553231903745 0.6496983061449351 0.21494193547084164
5 0.4438609181812989 0.2579128602936963 0.41125050598769536 0.2417629417202721 0.3792387480548626 0.30640206770010053 0.4118491602484661 0.32255198627352477
5 0.41261029840237473 0.32232781372687236 0.38092114852331144 0.30953027486601303 0.35422533883185975 0.3756341971633478 0.38591448871092304 0.3884317360242071
5 0.6617625978393477 0.3050037389821064 0.5550202833767953 0.2932005043851086 0.5473722612561616 0.3623652384678224 0.6541145757187139 0.37416847306482026
1 0.7027389225610914 0.38920355964992437 0.6059816221695692 0.3817479438356894 0.6015873546656934 0.43877575635540367 0.6983446550572157 0.4462313721696386
5 0.7915005772825114 0.40154459169733236 0.7522261451717205 0.3687497805995109 0.6909904589708836 0.4420844552002812 0.7302648910816746 0.4748792662981026
6 0.734457671875 0.45858134843750004 0.6428571421875 0.4585813484375 0.6428571421875 0.5044642859375 0.734457671875 0.5044642859375001
6 0.6051309795952596 0.38250246390334325 0.5015828596693617 0.37793416915048217 0.49904156944965816 0.43553680616762414 0.6025896893755561 0.44010510092048516
6 0.4785736064437575 0.4240693050962192 0.4400173487263987 0.40341808939122537 0.40427161057448985 0.470156140659991 0.44282786829184867 0.49080735636498485
6 0.6128639066189321 0.21364830095428503 0.5058184060247086 0.19447597632053665 0.5012163286604541 0.22017091340515188 0.6082618292546775 0.23934323803890029
6 0.4785700641388061 0.18189790486817808 0.4432239671104462 0.16618853253484042 0.4115495331631457 0.23745602762398335 0.4468956301915056 0.253165399957321
4 0.7926193975000038 0.2473692337559233 0.697073203501102 0.22882202870456583 0.6922534792191054 0.2536509077725289 0.787799673218007 0.27219811282388634
1 0.7061710283678126 0.23173376400701348 0.6059270223880588 0.21250090213845177 0.6013770109251644 0.23621611308373058 0.7016210169049182 0.25544897495229235