0 0.6484029449095464 0.4876335396656824 0.5800147449390629 0.4863758254144087 0.578215327895066 0.5842191093801692 0.6466035278655495 0.5854768236314429
0 0.6457060887816601 0.614566547439643 0.5702780848548676 0.6120602374002977 0.566598978881059 0.7227838172779176 0.6420269828078514 0.725290127317263
0 0.7889529481797996 0.6956817064171255 0.7871741104193546 0.6082962131825791 0.7346972700781034 0.6093644429503887 0.7364761078385484 0.696749936184935
0 0.7853835984375 0.40104166718750023 0.7357804234375 0.40104166718750023 0.7357804234375 0.4828869046875002 0.7853835984375 0.4828869046875002
2 0.6492680473167233 0.3586762164573051 0.577446980314611 0.3577464948454136 0.576120033398701 0.46025324755166197 0.6479411004008133 0.4611829691635534
2 0.3135260449218868 0.49144412302216445 0.2420926721190934 0.4900342463423818 0.24048230406922472 0.5716257946710678 0.3119156768720181 0.5730356713508504
2 0.30852326119540374 0.5983044547070724 0.23728789801626488 0.5939186973797864 0.23211707832849013 0.6779053822108929 0.303352441507629 0.6822911395381789
2 0.7242063484375 0.6113591265625 0.662367725 0.6113591265625 0.662367725 0.7083333328125 0.7242063484375 0.7083333328125
1 0.7257846177847025 0.49878319664314336 0.6696256619281239 0.4975754754749581 0.6677218443856163 0.5861028675130726 0.7238808002421949 0.5873105886812577
3 0.724867725 0.3821924609375001 0.6653439156250001 0.3821924609375001 0.6653439156250001 0.47271825468750006 0.724867725 0.47271825468750006
3 0.41244900468288037 0.6072709500320278 0.328316092129646 0.6016874670317176 0.3222061936913123 0.6937525008095451 0.40633910624454667 0.6993359838098553
1 0.41999227327010435 0.4891689518301015 0.3374888558781382 0.48543998529310983 0.33351044898611104 0.5734622727317061 0.41601386637807725 0.5771912392686979
4 0.32060935869676377 0.38690072612935233 0.25193829349060093 0.38365961333125387 0.24786926218619548 0.46987219877248865 0.3165403273923583 0.4731133115705871
5 0.5511318825488736 0.4831212091659385 0.4490049239474674 0.4813399267658934 0.44726645951743943 0.5810119859918683 0.5493934181188457 0.5827932683919135
5 0.7854551684787608 0.5838464718205791 0.7849147960637937 0.5031961882553176 0.7393699933358194 0.5035013471952662 0.7399103657507866 0.5841516307605277
6 0.5406078531226831 0.6139220758344845 0.43765116476332855 0.6082547349724757 0.43181853548925747 0.7142141627019268 0.5347752238486121 0.7198815035639357
6 0.5508934003455257 0.4509978743835477 0.5462898386363323 0.3553460481628743 0.4440902661789628 0.36026474189879176 0.44869382788815626 0.4559165681194652
6 0.4235409599899202 0.37270413982287726 0.3422865916862963 0.369735942034079 0.3388983907926091 0.46248788880168223 0.420152759096233 0.4654560865904805