6 0.4287599203125 0.5906964281249999 0.42729067499999995 0.4827006453124998 0.3216327698674423 0.48413808460690355 0.3231020151799423 0.5921338674194037
1 0.2906550921875001 0.48435367031250004 0.20903909702250362 0.4818805974111452 0.2061006048350036 0.5788562927236451 0.2877166000000001 0.581329365625
6 0.2906550921875001 0.6112212296874999 0.2098488750000001 0.6112212296874999 0.2098488750000001 0.71467113125 0.2906550921875001 0.71467113125
6 0.1834031078125 0.46286458281250004 0.1789957015625 0.3752557046875 0.10924659567291697 0.3787646258357773 0.11365400192291697 0.4663735039607773
6 0.6282494062748838 0.7071307093740397 0.6256329359375 0.6011654265625 0.5657178546626163 0.6026448359384602 0.568334325 0.7086101187499999
6 0.6880740734375002 0.45625272812500006 0.6843462186829583 0.36928203935840104 0.6331128660293152 0.37147807229765434 0.6368407207838569 0.4584487610642533
2 0.42962358416817475 0.6198744783995608 0.3245959000000001 0.61783506875 0.3222629908318254 0.7379777028504393 0.42729067500000006 0.7400171125000001
2 0.2878168415603769 0.45542916984836745 0.28551289687500003 0.3603787203125 0.20532648283599425 0.3623223730081654 0.20763042752137112 0.45737282254403294
2 0.5316041671875 0.4479875984374999 0.5298751879701604 0.34100108915376176 0.4551079545052919 0.3422093816166544 0.4568369337226315 0.44919589090039247
3 0.4254800308789304 0.44131556019845125 0.4177410718749999 0.34329786718750005 0.3123000628710695 0.3516229319890488 0.32003902187499994 0.44964062499999996
3 0.1811994046875001 0.6039203875 0.1140578703125001 0.6039203875 0.1140578703125001 0.6931822921874999 0.1811994046875001 0.6931822921874999
1 0.6244184614191344 0.5781703474527227 0.6211760039220832 0.48513652701499455 0.561588625 0.48721329375 0.5648310824970512 0.5802471141877281
3 0.6948902192764157 0.5612926565977654 0.6910115635342847 0.4815781158637277 0.641588606757869 0.4839828795784622 0.6454672625 0.5636974203124999
5 0.18560714218750002 0.49096552656250003 0.11358836198383396 0.48549621069039484 0.10697692135883394 0.5725542450653948 0.17899570156250003 0.5780235609375
5 0.5495217502096279 0.7334987840214636 0.5433578046875 0.6165935015624999 0.4615298372903721 0.6209079612910362 0.4676937828125 0.73781324375
5 0.619021825 0.45349776718749996 0.6173616736838383 0.3613540010677607 0.5604864421875001 0.36237872031249996 0.5621465935036618 0.45452248643223925
4 0.5406143106100085 0.5844546984045154 0.5325138045412697 0.47751692247351885 0.4573895736187613 0.4832075615690036 0.4654900796875001 0.5901453375
0 0.7041111902509668 0.6744744274979638 0.6924818124999998 0.5884925593750002 0.6397148675615331 0.5956294912520363 0.6513442453124999 0.681611359375