0 0.6674055488244119 0.3383830462285578 0.5619020569767358 0.3373729053072142 0.5612861060145574 0.4017054909333099 0.6667895978622337 0.4027156318546535
2 0.664906249407925 0.4182477363580495 0.5688360397654713 0.41739504036188285 0.5683577638182564 0.4712806815780243 0.66442797346071 0.47213337757419094
2 0.42238513148135215 0.4158771063199678 0.32051409351155946 0.4140579801507718 0.3195650391977314 0.46720500737544535 0.4214360771675241 0.4690241335446414
2 0.4407275567110814 0.48144772943376146 0.3479397928714135 0.48007648090500316 0.34726457531552113 0.5257661759548679 0.44005233915518904 0.5271374244836262
2 0.40926705278557735 0.32032430190162414 0.40903391352100726 0.2786700447715804 0.29640507424501794 0.27930042943253364 0.296638213509588 0.32095468656257736
3 0.5358131249311213 0.32261334918711737 0.53567822955812 0.2780079016562223 0.4274587936040116 0.27833517785200346 0.42759368897701294 0.32294062538289847
1 0.536911532667393 0.4170896510749702 0.4415595927564769 0.4159837639558993 0.44094216760112503 0.4692194742714828 0.5362941075120411 0.4703253613905537
3 0.5476184507207144 0.48527022718992496 0.4578777071926991 0.4827507680280334 0.45661593903213615 0.5276937520627021 0.5463566825601515 0.5302132112245936
3 0.6572139953645383 0.4874345870082994 0.5692410735012354 0.48507816998858344 0.5680295439943271 0.530308615090008 0.65600246585763 0.532665032109724
4 0.40674603125 0.33953372968750006 0.2956349203125 0.3395337296875 0.29563492031250005 0.4007936515625 0.40674603125 0.4007936515625
4 0.5594076605178822 0.2205602612436087 0.5591734876307037 0.19043008109335113 0.4670801330880655 0.19114583408970393 0.4673143059752439 0.22127601423996154
4 0.6726211827552955 0.22075664925001687 0.6722509140564135 0.18817307372903064 0.5820787262529701 0.18919775988208407 0.5824489949518521 0.22178133540307035
5 0.44955372669223886 0.22479751828996716 0.4490313678153088 0.19039148938949585 0.35207867334433207 0.19186344364337674 0.35260103222126205 0.22626947254384805
1 0.5490629050891024 0.2648332000860948 0.5481800647906211 0.22795009685782763 0.4472855169296081 0.23036512609757137 0.4481683572280894 0.2672482293258385
5 0.6764201544814819 0.26804521753310584 0.6762304273680595 0.22984678711506018 0.5778769032446333 0.23033529750731008 0.5780666303580555 0.26853372792535574
6 0.42832457762660125 0.2685821783981249 0.42785494393655077 0.2317942269682264 0.32396131612611656 0.23312052935541758 0.32443094981616705 0.2699084807853161
6 0.6713267768283173 0.2770621463607643 0.5632789083933047 0.2766921197813081 0.563133656434395 0.3191057338770295 0.6711815248694075 0.31947576045648574
6 0.5334842707853008 0.40047276602572185 0.5330936460403815 0.337973139063228 0.42688293217804835 0.3386369595534699 0.42727355692296776 0.4011365865159638