0 0.5558905848656074 0.324035958955922 0.45573640871287147 0.3230729389647661 0.45535842772474827 0.3623829998301047 0.5555126038774841 0.3633460198212607
0 0.42565178571200046 0.3220098226008343 0.3226627568738749 0.3213322638745767 0.3223864564086123 0.36332997637115994 0.4253754852467379 0.3640075350974175
1 0.5654953838823187 0.37683498288394807 0.45323650965758555 0.37535789157652155 0.4525953973270612 0.42408240042333434 0.5648542715517944 0.4255594917307609
2 0.5793913546233094 0.52613421828547 0.45239397405595366 0.5222963848127674 0.45047434758728766 0.5858185607806252 0.5774717281546434 0.5896563942533278
2 0.41505962053075107 0.5224712322261945 0.2898271822944055 0.5197876802542953 0.28850869773764065 0.5813169658987146 0.4137411359739862 0.5840005178706138
3 0.4114568453098039 0.6008504837712552 0.2995125864198138 0.5982087340001764 0.2982541822308611 0.6515336650207421 0.41019844112085124 0.654175414791821
1 0.5634609496625083 0.6102371921054034 0.4491936619185708 0.6066848419593028 0.44757533627359314 0.6587409947968943 0.5618426240175307 0.6622933449429949
4 0.7506546081326979 0.5367823825044574 0.6114758290524571 0.5310469941963668 0.6088267214838546 0.5953320150606406 0.7480055005640954 0.6010674033687312
4 0.5829455062878524 0.44345515304032646 0.45518117392011337 0.44128557220416365 0.45412092280999816 0.5037226443648908 0.5818852551777371 0.5058922252010536
4 0.7208479149585486 0.3815706722175497 0.5995916574681027 0.37998906550151 0.5989244334216381 0.4311428004733201 0.7201806909120839 0.4327244071893598
4 0.6910736601277748 0.3252778197556538 0.5814178902490761 0.3232217739355002 0.5806033281681405 0.36666508206776227 0.6902590980468394 0.36872112788791583
5 0.41931352143713746 0.4385063692695361 0.29475104348316167 0.433733860863983 0.29231872779722734 0.49721730463409236 0.41688120575120313 0.5019898130396455
5 0.41871280670498495 0.37589222684804036 0.3061610663627656 0.37427510575212625 0.30546487783891263 0.42272987525820566 0.41801661818113206 0.4243469963541197
5 0.5442138886788122 0.6726026297927004 0.43807148429501525 0.6699192542901728 0.43693943963795034 0.7146979077650655 0.5430818440217472 0.717381283267593
6 0.7502262126843628 0.44982280539018493 0.6121835977155998 0.4476105862299476 0.6111629966998297 0.5112961539119346 0.7492056116685928 0.5135083730721719
6 0.7219503973330874 0.6089963500822229 0.5969187599866681 0.6078338645670397 0.5964366039274375 0.6596923701180499 0.7214682412738569 0.6608548556332331
6 0.683775008992834 0.6785275723865009 0.5704526523657234 0.6745828062214414 0.568893742007625 0.7193660425802599 0.6822160986347356 0.7233108087453194
6 0.4101958935989073 0.6670401772120473 0.3027497719025309 0.6621661079719484 0.30071616946927515 0.7069957326165937 0.4081622911656515 0.7118698018566926