0 0.5540614244174955 0.4423218247155063 0.46861293269872206 0.2855355973910468 0.4101674711678143 0.3173883731153374 0.4956159628865877 0.474174600439797
0 0.23216482839877725 0.3858924698259828 0.18374378005419917 0.3645489805659174 0.12824376181237274 0.4904594647265664 0.17666481015695082 0.5118029539866318
2 0.6048100649721329 0.6852458672917366 0.5870341199033848 0.6180923115490433 0.4881886698748902 0.644257289271662 0.5059646149436384 0.7114108450143555
2 0.552306085026984 0.31956107706002673 0.4859989830016184 0.17504561126376045 0.4413294692991488 0.1955410370382497 0.5076365713245143 0.34005650283451605
1 0.3833275664842361 0.26329349526428997 0.3555232795738942 0.21905940299525534 0.24468238895231859 0.28873082081244683 0.2724866758626605 0.33296491308148146
2 0.49866578505327475 0.10474864353375206 0.4718228763831439 0.0780961134963613 0.38333094863386863 0.16722013779293654 0.4101738573039995 0.1938726678303273
2 0.6409115252532607 0.41948153177676206 0.6031068394711777 0.30315942449661964 0.573331849032902 0.3128362966235373 0.6111365348149851 0.42915840390367965
2 0.6221213629941339 0.39963830142815643 0.5891745505586601 0.3994566096308751 0.5884423050575481 0.5322372609472523 0.621389117493022 0.5324189527445337
3 0.562505762253849 0.2207001825773564 0.5027908456856749 0.09149246819183157 0.4669132233884891 0.10807374766364712 0.5266281399566631 0.23728146204917197
3 0.6058910367732532 0.32688981284601637 0.5555614270985755 0.20609874474868906 0.5246607030000423 0.21897404593644715 0.5749903126747201 0.33976511403377446
1 0.606341843713536 0.42904568184017594 0.5472758500398058 0.300050980800148 0.5087586199480911 0.3176878174343975 0.5678246136218215 0.44668251847442547
3 0.5512398976859042 0.601720961627975 0.5229225521581663 0.5200363177967507 0.4196245931126462 0.555846279882721 0.44794193864038423 0.637530923713945
3 0.32836509522114976 0.3261456278845224 0.2679532000213775 0.3050929986565592 0.21826859074136234 0.44766623149909224 0.2786804859411346 0.4687188607270555
3 0.308031443832557 0.23151809046991012 0.2890765885866009 0.20093685603117226 0.2079268498496957 0.2512350725432156 0.2268817050956518 0.2818163069819534
3 0.3869343142583769 0.18391710118366228 0.37509382380631096 0.1642726510255575 0.2949958377024256 0.21255088900421004 0.30683632815449147 0.23219533916231483
4 0.4465525838697916 0.2781498039375004 0.37185020413229186 0.2532490054625004 0.32180059028645847 0.40339781546874975 0.39650297002395823 0.42829861394374974
4 0.27169376743675006 0.574670210702078 0.18156243957588952 0.48634874707664 0.13131221073286375 0.537628692686934 0.2214435385937243 0.6259501563123722
4 0.3450371183558205 0.6566878186044964 0.26794726063183805 0.5809504131794587 0.22402487247878528 0.6256571288982549 0.30111473020276774 0.7013945343232926
4 0.6231277073452148 0.6577038526674714 0.6217063485845269 0.508935289919868 0.5818031313945942 0.5093165316707127 0.5832244901552821 0.6580850944183162
5 0.36616038719907057 0.532892417486752 0.28931564750711647 0.4340368702322361 0.22177404083326344 0.4865399145972198 0.29861878052521756 0.5853954618517356
5 0.27486009291422964 0.2836691071080925 0.23713751494273444 0.262113349013399 0.17397105328866075 0.37265466073445797 0.21169363126015592 0.39421041882915153
5 0.4132968143741332 0.7263466481928103 0.3454156333223658 0.6570512774004346 0.303517609495156 0.6980942404238609 0.37139879054692326 0.7673896112162366
1 0.44070397142273066 0.6301184300688439 0.37403230922584124 0.544309533256158 0.3142061829327073 0.5907931431255554 0.38087784512959677 0.6766020399382413
6 0.48435816445598184 0.5011948955204617 0.4167003369215312 0.3934435424219111 0.3332154826112752 0.44586426580248845 0.4008733101457258 0.553615618901039
6 0.48411300684883274 0.21349078302811025 0.4553400431083029 0.16423271539645962 0.338549287511485 0.2324533407191042 0.3673222512520149 0.28171140835075487
6 0.5762851412509422 0.4119672336678798 0.5264824273507052 0.4097526855147057 0.5192200489210295 0.5730754629625432 0.5690227628212666 0.5752900111157174
6 0.5028207185884878 0.7104636033474041 0.4884614362225518 0.6472364446605487 0.39099321763312334 0.6693720854436815 0.4053524999990593 0.7325992441305369