0 0.5165147620411228 0.20860173288440148 0.4796855219013797 0.19598989828612895 0.45545191509351096 0.2667571857592268 0.4922811552332541 0.27936902035749933
1 0.48764767686308075 0.29038788152510764 0.4518216801997664 0.27816289716052994 0.42906168232827885 0.34486233688853496 0.4648876789915932 0.35708732125311266
2 0.60058996090751 0.4013754319152877 0.5246069144532455 0.3874274963390369 0.5124315670627757 0.4537541567476264 0.5884146135170403 0.4677020923238772
3 0.6858690793927413 0.41795375208887214 0.6270861915117211 0.395625369688746 0.601456779268634 0.46309872442371897 0.6602396671496542 0.4854271068238452
4 0.5433492100663435 0.2980067366065156 0.5014317152865639 0.2840922150949436 0.47671082357419936 0.35856389911532166 0.5186283183539789 0.3724784206268937
4 0.46038273828993087 0.3715532273214116 0.4246918598029156 0.3595407627570409 0.40472180099341043 0.41887487679577273 0.4404126794804257 0.4308873413601434
4 0.5752109347804206 0.21041074789864317 0.5302645874211472 0.19648797350727604 0.5065146622537383 0.2731589268908919 0.5514610096130117 0.28708170128225896
4 0.7458603360786121 0.25153588319743786 0.6833557947459454 0.23278450898427824 0.6635190630138198 0.29890690643424866 0.7260236043464865 0.3176582806474083
4 0.821519795902297 0.2796991878349542 0.7675834703750052 0.25812465713861066 0.7414876386187477 0.32336423506136414 0.7954239641460393 0.34493876575770765
5 0.6663251073723582 0.23068312346736133 0.5941557646974408 0.21008254615497052 0.5739920876265929 0.28072131020733126 0.6461614303015104 0.30132188751972205
5 0.4407738101394232 0.2865575404471155 0.4081101195072116 0.27566964269030453 0.3870453029230769 0.3388640873385417 0.4197089935552884 0.34975198509535266
5 0.4177551212638062 0.36075590884063496 0.38582711323327784 0.35072488808181357 0.3678699478796626 0.40788123671278953 0.3997979559101909 0.41791225747161087
5 0.7915278321274751 0.3563747525276316 0.735541840627573 0.33691620528514343 0.713065355957532 0.4015853845410815 0.7690513474574341 0.42104393178356964
1 0.71673371973413 0.33289539387441885 0.647611136243204 0.31615476765362777 0.631189515367082 0.38396016782774633 0.700312098858008 0.40070079404853737
6 0.4636377676206453 0.21039369352878357 0.4306046697773193 0.19926426245752954 0.4086699161910515 0.26436847638773775 0.44170301403437745 0.2754979074589918
6 0.6303950911012829 0.31726597326268174 0.5562624801157359 0.2998229946596861 0.5400576806608498 0.36869334767849715 0.6141902916463968 0.3861363262814928
6 0.5143180568690697 0.38688693273641955 0.47249094561046245 0.3725551100315638 0.4505434598757 0.4366083673582528 0.49237057113430727 0.4509401900631085
6 0.7599833929553108 0.4298869391335781 0.7067209276948524 0.4105187705025909 0.683580021714407 0.47415626377116193 0.7368424869748655 0.4935244324021492