5 0.3070300776378886 0.48801384447536494 0.30609518881405834 0.3571295524574461 0.10867518006859982 0.3585396969211631 0.10961006889243004 0.48942398893908196
5 0.3252379702233611 0.6633969234487809 0.1624852408220249 0.6601077600085616 0.16069823202875602 0.7485316294375968 0.3234509614300922 0.751820792877816
5 0.3396596401119985 0.2839167766770851 0.3396065195137473 0.25870217393967315 0.17753728509253824 0.25904361158912687 0.17759040569078946 0.2842582143265388
1 0.47825978545942877 0.257814844703007 0.3722938063470731 0.2533085588469486 0.37082183593427237 0.2879221610460071 0.4767878150466281 0.2924284469020655
6 0.553240740625 0.3568948406250001 0.3597883593750001 0.35689484062500004 0.3597883593750001 0.4890873015625 0.553240740625 0.4890873015625
6 0.8101851859375 0.2914186515625001 0.6107804234375 0.2914186515625001 0.6107804234375 0.33010912656250013 0.8101851859375 0.33010912656250013
6 0.3625122303288155 0.25609343627494974 0.36242013213499824 0.23552481905797457 0.22314449046906062 0.23614844070958418 0.2232365886628779 0.25671705792655936
4 0.8208547178503627 0.36336518474669016 0.6097057816411384 0.36162876430120006 0.6086188142840061 0.49380412640819793 0.8197677504932303 0.4955405468536881
1 0.5397330649712722 0.5311111276451002 0.364183723306482 0.5304307045131055 0.3637616291349838 0.6393311084570853 0.5393109707997739 0.64001153158908
4 0.3174603171875 0.2904265875 0.11408730156250005 0.2904265875 0.11408730156250005 0.328125 0.3174603171875 0.328125
0 0.31641651635855644 0.5241318926118262 0.13802049213249462 0.5229228820770369 0.13727973474965477 0.6322256285892887 0.3156757589757166 0.6334346391240782
0 0.48181216875 0.2358630953125001 0.396164021875 0.2358630953125001 0.396164021875 0.2547123015625001 0.48181216875 0.2547123015625001
3 0.5287399552771307 0.6721632617477317 0.3732159632904264 0.6664931181002898 0.3699929831218066 0.7548948893929575 0.5255169751085108 0.7605650330403995
3 0.7444819949193819 0.6740568976249948 0.5749201016511084 0.6714509251948229 0.5735234828809181 0.7623242284215378 0.7430853761491917 0.7649302008517097
2 0.7801960526983736 0.5326135665960193 0.5922147648569224 0.531029453701732 0.5912936704135232 0.640332597636863 0.7792749582549743 0.6419167105311503
2 0.5545895957238457 0.29419452985814204 0.36117125416212026 0.2917496324231157 0.3607137353437837 0.3279444149968816 0.5541320769055091 0.33038931243190794