0 0.4566920024515104 0.3805310541454151 0.4345676788117533 0.284858303067162 0.3748224216809488 0.29867439374925464 0.39694674532070595 0.39434714482750777
0 0.48110979696822637 0.5002725199151505 0.4558465602660139 0.390936548015641 0.3936603652212235 0.40530532836974453 0.41892360192343603 0.514641300269254
0 0.42780155327665614 0.6661331299691001 0.40720355243032447 0.5635634953175892 0.35104111198222504 0.5748420184381253 0.37163911282855666 0.6774116530896362
0 0.5496249885965525 0.38103466871059766 0.5277195489235439 0.29162471551728714 0.5004836810027753 0.29829750350533696 0.522389120675784 0.3877074566986475
1 0.5750464648988968 0.4825944741225682 0.552412714074588 0.39345232431984906 0.5212811764133285 0.4013568169505735 0.5439149272376371 0.4904989667532925
2 0.385763564046136 0.432095197188787 0.3657619991778588 0.3300582223126995 0.3112172517502582 0.34075023180457065 0.33121881661853536 0.44278720668065813
2 0.33923126881591603 0.5847736307542304 0.3203309959405625 0.4820821409871727 0.2685972095660802 0.4916036960991975 0.2874974824414337 0.5942951858662552
3 0.5071687072948146 0.6264376365836087 0.48189012056724245 0.5140883633623365 0.4188135306011894 0.5282805962466208 0.4440921173287616 0.6406298694678929
4 0.6037253611436106 0.5929243883716226 0.5805644520948315 0.5024865508545521 0.5477693115508238 0.5108853061569255 0.5709302205996029 0.6013231436739962
4 0.6120700986234568 0.4898757116310559 0.591610443335803 0.40853308395601584 0.5667214380991672 0.41479327596294835 0.587181093386821 0.49613590363798854
4 0.5891445373618024 0.3960861523690871 0.5674497933513412 0.31375737591354896 0.5424220964251942 0.3203525119201845 0.5641168404356555 0.4026812883757226
5 0.531563226088501 0.47763550043092734 0.5083420948030017 0.37868009155519755 0.4702446784730678 0.3876201294600149 0.4934658097585671 0.48657553833574463
5 0.5602976737847968 0.5990437164421434 0.5365315171140989 0.4980375568302932 0.4969124047120285 0.5073597015006776 0.5206785613827265 0.6083658611125277
5 0.3205410384585608 0.4772272981839679 0.304064399061858 0.378635381946629 0.2554063825759121 0.386767089108784 0.2718830219726148 0.4853590053461228
6 0.5073790112242508 0.365520321081117 0.48567282492386105 0.2733797778298174 0.4507789560971994 0.2815999683210667 0.4724851423975892 0.37374051157236626
1 0.4080128249070739 0.5445641802239173 0.38621128299577795 0.43978157774417587 0.3296727100608439 0.4515452487952375 0.35147425197213983 0.556327851274979
6 0.3594075782635424 0.7012644784106341 0.33998288398818977 0.5990292440265008 0.2869023970011343 0.6091145364202787 0.3063270912764869 0.7113497708044119
6 0.6373391481655686 0.589437271112341 0.616153311531346 0.50699985845468 0.5882596695576306 0.5141683287273058 0.6094455061918532 0.5966057413849668