0 0.766045778553608 0.7079521122817025 0.7298102331204415 0.6682099028836809 0.6537699980987838 0.7375407084078722 0.6900055435319502 0.777282917805894
0 0.4135398620189997 0.4889169566132714 0.38452424315921513 0.45628489868841865 0.32148279006663216 0.5123397996546328 0.3504984089264168 0.5449718575794856
2 0.49188342409545777 0.4186562238878368 0.4628681104031963 0.38648485878398386 0.3960090441193342 0.44678496650821664 0.42502435781159564 0.47895633161206963
2 0.7847394415538316 0.5919037824440292 0.7408074588447903 0.5447175780817165 0.6633533647678944 0.6168300094102336 0.7072853474769356 0.6640162137725463
2 0.6191133902576139 0.63119080479629 0.5696856068351803 0.5762710483213179 0.4788286724217869 0.6580422935863625 0.5282564558442204 0.7129620500613345
3 0.8466987507210091 0.6332971653002588 0.8088558270333305 0.5913017067360724 0.7370317842152366 0.6560237472669888 0.7748747079029152 0.698019205831175
3 0.6850760073237067 0.7840569443969627 0.6451021619182514 0.7413176132497624 0.5682792215571075 0.8131696581732599 0.6082530669625626 0.8559089893204602
3 0.6271651731543659 0.49033513633614295 0.5835471237027055 0.4422583537710226 0.4996842858740572 0.5183435910185832 0.5433023353257177 0.5664203735837035
3 0.5315426159622236 0.5812000068048854 0.4858685120679517 0.5322812945317648 0.4116242026886699 0.6016012365861487 0.4572983065829419 0.6505199488592692
4 0.5212188580729744 0.7170580551002257 0.47192349557740904 0.6617088821797911 0.3772818613721949 0.7459990968145304 0.4265772238677603 0.801348269734965
4 0.37729066346781215 0.6084199799910127 0.34201251235318136 0.5675949511813083 0.2744808755410498 0.6259510958782701 0.30975902665568056 0.6667761246879745
1 0.46559155943868696 0.5308718540882598 0.4289247604624256 0.49065277092450177 0.3588096808241961 0.5545750517938031 0.39547647980045747 0.594794134957561
5 0.7131701535920953 0.5455987265260153 0.6609816593334157 0.4894426840986469 0.5769291292546362 0.5675567176706785 0.6291176235133158 0.6237127600980469
5 0.3345113697077779 0.5582768580985544 0.30719499531819583 0.5286236840190673 0.2568701038254252 0.5749827541626771 0.2841864782150073 0.6046359282421642
6 0.5482200755564779 0.4500527103925046 0.5128005442007051 0.4120547443929919 0.43960410779662096 0.4802842773732183 0.47502363915239376 0.5182822433727312
6 0.43147344502861246 0.6673203590817394 0.38812954876957406 0.6177410257758646 0.3129807695407572 0.6834385790445218 0.3563246657997956 0.7330179123503966
1 0.6972879915438897 0.6725853139619724 0.6528762009531391 0.6249642810573807 0.5721172421371458 0.7002807903495827 0.6165290327278963 0.7479018232541744
6 0.6072340879420497 0.7523400004661134 0.5635996203113197 0.7052195825354668 0.47930173507634655 0.7832811428136092 0.5229362027070765 0.8304015607442559