1 0.6340399131713944 0.40314402327927856 0.5278649390142461 0.39176811953994317 0.5217849462205338 0.4485146508520795 0.6279599203776822 0.45989055459141487
1 0.4085317462500001 0.29057539656250014 0.37986111125000005 0.2762400790625001 0.34252645500000006 0.3509093915625 0.37119709000000006 0.36524470906250006
1 0.661488782419419 0.23079203596045517 0.5556190948505857 0.20576305814722406 0.5489204230068694 0.23409766695595785 0.6547901105757027 0.25912664476918895
0 0.8037234332594588 0.35216089647781534 0.7574427064571554 0.30738523423639397 0.6814462060636473 0.38593623932659693 0.7277269328659507 0.43071190156801825
0 0.3879602044050555 0.2414954658824958 0.3641905389229291 0.22902278131367396 0.3288543360361106 0.2963643161206883 0.35262400151823703 0.30883700068951014
0 0.4084612596326595 0.2905424158544211 0.37981753976107546 0.2763053011005724 0.34266299803865646 0.3510567028736288 0.3713067179102405 0.3652938176274775
2 0.5985238889983191 0.2571405553492879 0.47776647722429244 0.23239230533154362 0.47021294787874934 0.26924924078649276 0.590970359652776 0.29399749080423715
2 0.5283638786277232 0.38955801583261357 0.41775270227677186 0.3760647826828982 0.4103598517730519 0.43666789253284877 0.5209710281240032 0.4501611256825642
2 0.7367208552825255 0.4168971629809275 0.6354171266642954 0.4036836363280968 0.628058248726281 0.4601017140414818 0.7293619773445112 0.4733152406943125
2 0.4814383223387365 0.45841546765166175 0.3792615143084439 0.44985544341236067 0.37484328515628984 0.5025936763067042 0.47702009318658245 0.5111537005460052
3 0.7101206984760495 0.27830780258759946 0.596880410209466 0.25739214902178165 0.590168316075788 0.2937323700996606 0.7034086043423715 0.31464802366547834
3 0.6345017493571968 0.40457291056554795 0.5295696287706296 0.39074094805452625 0.5220250015433753 0.4479760463538541 0.6269571221299425 0.46180800886487583
3 0.5825883563974452 0.4706198919691348 0.48530372993756654 0.4613546540097412 0.48065698962188774 0.510145240700345 0.5779416160817664 0.5194104786597386
3 0.6752097242400157 0.47754235561893055 0.5777455911677327 0.47136505109038307 0.574818501456739 0.5175480196956064 0.6722826345290219 0.5237253242241537
4 0.6178846481755724 0.192602322434723 0.5231720389687915 0.16802823791459157 0.5174714143825598 0.1899993932684366 0.6121840235893408 0.21457347778856803
4 0.7148810406388824 0.21341063152767953 0.6203069985845167 0.19026487863502545 0.6143987015498744 0.214406306862287 0.7089727436042401 0.23755205975494115
4 0.4529103583313246 0.21129168958340827 0.4200282452383191 0.19405434155011217 0.3781265706334828 0.2739863357571746 0.4110086837264883 0.29122368379047076
4 0.42748180696480453 0.1639270875165572 0.4002218451439016 0.15063907757907838 0.36340450254348056 0.22616877377563344 0.39066446436438346 0.2394567837131123
4 0.5903423721655575 0.31017079127610014 0.4728404936076237 0.29105903837284924 0.4610613124576508 0.3634791831917264 0.5785631910155846 0.38259093609497724
4 0.436542516351484 0.3480939280947003 0.4023601377666518 0.3278377035019637 0.35763905623830405 0.40330452766391894 0.39182143482313625 0.4235607522566555
5 0.5241714824847249 0.16777224661329937 0.42361037028229526 0.141589883697974 0.4170806813844393 0.16666908606132932 0.517641793586869 0.19285144897665468
5 0.6616939237538074 0.2308270503623054 0.5556221121434481 0.20575029451960156 0.5489204240325131 0.23409766940467133 0.6549922356428722 0.2591744252473752
5 0.7608543376077676 0.25610312132137053 0.6622704579206375 0.23145718245350197 0.6553065708711825 0.25931276574934775 0.7538904505583125 0.2839587046172163
6 0.5541204761660741 0.2094028829965257 0.4445704280473298 0.18409214765075446 0.43755560980617425 0.2144537181608436 0.5471056579249185 0.23976445350661485
6 0.4882114212694666 0.26453860370671145 0.45071606112259577 0.243556743882651 0.4031213517186307 0.32861025130056376 0.44061671186550155 0.3495921111246242
6 0.7020660546664105 0.32992385241145605 0.59082885397861 0.31063675694860143 0.5791594773450639 0.3779392075942818 0.6903966780328644 0.3972263030571364
6 0.8097545087880054 0.30050528626841927 0.7024314383109778 0.2780897079120682 0.6958914842754134 0.30940221463025974 0.803214554752441 0.3318177929866108
6 0.35645735628998326 0.31171536451750637 0.32843219487287584 0.2965794129208307 0.2924848931189459 0.36313809129190966 0.32051005453605336 0.3782740428885853
5 0.37399892558037806 0.360424829305365 0.3438308641497751 0.3462835672141521 0.31005387110104393 0.4183412375028845 0.34022193253164684 0.43248249959409735
5 0.3985498080981332 0.41916788159744645 0.3640147689613742 0.3999817507582354 0.324523313244538 0.47106637851242655 0.35905835238129696 0.49025250935163756