2 0.6671277476778364 0.20610930606758898 0.5460023140625001 0.20034176562500003 0.5397827449475688 0.3309603565903437 0.6609081785629052 0.3367278970329326
2 0.5120352327579694 0.3744683580827017 0.41063558125000005 0.3732978671875001 0.4091416844295308 0.5027141809797985 0.5105413359375002 0.5038846718750001
2 0.6648075390625 0.5259246031250001 0.5539002417648584 0.5251741740503398 0.5529743717431845 0.6620102125517094 0.6638816690408261 0.6627606416263697
4 0.6648075390625001 0.37274702343750005 0.5526649762833754 0.3720352084851283 0.5518142256354983 0.5060663321936981 0.6639567884146229 0.50677814714607
4 0.5039770024731438 0.33525472707258647 0.502460978125 0.19477430625 0.3957243120997589 0.19592617768935403 0.3972403364479028 0.33640659851194055
4 0.38198644218750005 0.48294667656250007 0.37882764890459913 0.37100041219647 0.30349801562500006 0.3731259921875 0.306656808907901 0.48507225655353003
6 0.37610945781250005 0.33307490156249997 0.37023280468750003 0.21516121093749999 0.294082802289121 0.21895642035882493 0.29995945541412106 0.3368701109838249
5 0.27966763447252085 0.3406917878742626 0.2747344578125 0.23940500937500006 0.21494297281896083 0.24231715607971788 0.21987614947898168 0.3436039345789804
5 0.2960380296875 0.58598363125 0.2883467351980368 0.4782964744065838 0.23263069017818241 0.4822758580452381 0.24032198466764557 0.5899630148886542
5 0.7926283062499999 0.20695535781250007 0.700068453125 0.20695535781250007 0.700068453125 0.3330749015625001 0.7926283062499999 0.3330749015625001
5 0.8807804234375002 0.47908978125000007 0.8114920860644889 0.47747863866540224 0.8087896828125001 0.5936974203125002 0.8780780201855114 0.595308562897098
0 0.2886917984375 0.46641666718749997 0.28036740661986964 0.36424151622814605 0.2227897603658294 0.36893246978050453 0.23111415218345974 0.47110762073985846
0 0.7919962729825105 0.4806257039907239 0.7911590609374999 0.36448189531249997 0.6984967832674893 0.3651498428842761 0.6993339953125 0.4812936515624999
0 0.886849822097787 0.46140720872301094 0.8851878312500003 0.3573189484375 0.8130043450897135 0.3584715115894891 0.8146663359375002 0.4625597718750001
0 0.8991777716570452 0.21959746350580067 0.8191309864927101 0.21900770145227422 0.8183392859374999 0.32646304531250014 0.898386071101835 0.3270528073660266
3 0.38933234062500005 0.6201455859375 0.38115699343190984 0.4975052345037933 0.31231613750000004 0.5020942453125 0.32049148469309025 0.6247345967462067
3 0.5123842099980613 0.5254886218142717 0.40931812187500005 0.5235890375000001 0.4067407900019389 0.6634277969357286 0.5098068781250003 0.6653273812500002
3 0.7896970481209431 0.6210582207295641 0.786016865625 0.5044357640625 0.692715320629057 0.5073800230204359 0.6963955031250001 0.6240024796875001
1 0.38387059487026637 0.48456214678597265 0.3785197072211515 0.3707341560254509 0.3013707127462465 0.37436081761298523 0.30672160039536134 0.488188808373507
1 0.7899041862184826 0.3642279477165535 0.6996503308547444 0.36237087258997136 0.6972250522482357 0.4802394183668258 0.7874789076119738 0.48209649349340794