0 0.35408002656250004 0.4542705859375 0.21641666718750002 0.42686284687500003 0.20350448848983946 0.4917180285562332 0.3411678478648395 0.5191257676187332
0 0.6457166000000001 0.15618005937500007 0.5215896572820155 0.13642079714128832 0.5157130041570155 0.17333771120378832 0.6398399468750001 0.1930969734375001
2 0.6207569845291154 0.28117427673632944 0.45916179480621383 0.24803017952742173 0.4459050921875001 0.312663690625 0.6075002819104017 0.3458077878339077
2 0.7346035046875002 0.5286552578125001 0.5727447307069837 0.49507546240404654 0.5588587795724583 0.5620074671661073 0.7207175535529748 0.5955872625745608
5 0.37758730156250003 0.338009671875 0.2197235453125 0.3045084328125 0.2007378728551709 0.3939722751335153 0.3586016291051709 0.42747351419601526
5 0.33277645468750017 0.5402264390625 0.21344117918045408 0.5122546048476815 0.20071649348785173 0.5665414943382109 0.32005176899489773 0.5945133285530295
5 0.631135410017789 0.21128202395212078 0.4879713724179505 0.1824294158285887 0.47749305625 0.23442187500000009 0.6206570938498384 0.2632744831235322
5 0.456189484375 0.17766889843750006 0.30611529361773515 0.14781980339973316 0.2962256099617814 0.19754279398402827 0.4462998007190463 0.2273918890217952
4 0.42313260625 0.24268675625000005 0.2457310856765426 0.20519293071332925 0.23135823222113117 0.273197889435817 0.4087597527945886 0.3106917149724879
4 0.53993419375 0.4911875 0.39511078067850713 0.46145794164064513 0.38125245591031576 0.5289668453425779 0.5260758689818086 0.5586964037019327
4 0.7939535774237292 0.4167413970587755 0.6226146993537826 0.385091888544528 0.6056780944735979 0.47678048071266516 0.7770169725435446 0.5084299892269126
4 0.8283425933040978 0.2484610852609833 0.6816827641973745 0.22292448290555683 0.6724225115182769 0.27610724608207365 0.8190823406250001 0.30164384843750014
6 0.5969569924188686 0.37162015224347716 0.42501312491911153 0.3405959988446704 0.40841929933289595 0.4325632641954173 0.580363166832653 0.46358741759422406
6 0.8335291916522583 0.323556925959399 0.6694589953125001 0.2921076390625001 0.656578757993283 0.3593035367880858 0.8206489543330411 0.39075282368498476
6 0.49438888906250006 0.12587500000000007 0.3550064295613914 0.10163451081663599 0.34780539973637886 0.14304032735601116 0.4871878592374876 0.16728081653937524
3 0.49585813437500004 0.5749392359375001 0.37354861135688966 0.5476297779835078 0.36216071406250006 0.5986321921875001 0.4844702370806105 0.6259416501414923
3 0.6626124343750001 0.6091011906250001 0.5270230766053334 0.5802468345285853 0.5163454641493612 0.6304219488364918 0.651934821919028 0.6592763049329067
3 0.8148668649278148 0.1886176247950514 0.6848912031250001 0.16396602187500006 0.6771784871636601 0.2046313435022967 0.807154148966475 0.22928294642234803
1 0.5414067129413094 0.4896521422724458 0.39568207043572967 0.4604763399372988 0.3816323707990806 0.530650501159767 0.5273570133046602 0.559826303494914
1 0.6345367800064964 0.20769473560393345 0.4880901375340717 0.18113333428669826 0.47788989689189565 0.2373724978992057 0.6243365393643203 0.2639338992164409