1 0.6987813871470052 0.25455215846238904 0.6075612521500121 0.24078028738202034 0.5999272186661289 0.2913454982315508 0.6911473536631221 0.3051173693119195
1 0.45711805628885127 0.358209323920397 0.4339781747576013 0.2887896822816723 0.39045138759543907 0.3032986119533362 0.4135912691266891 0.3727182535920609
1 0.6469755354541614 0.4542579960760353 0.6443594834032373 0.42635344965611155 0.5451800242743385 0.4356515268783395 0.5477960763252627 0.46355607329826326
0 0.5775714592781169 0.17406373001403316 0.4815176571838381 0.15682707947583438 0.47284099335571284 0.20517908083122202 0.5688947954499917 0.22241573136942083
0 0.6263227515625001 0.3859126984375001 0.5112433859375 0.3859126984375001 0.5112433859375 0.42261904687499996 0.6263227515625001 0.42261904687499996
2 0.8078759948592757 0.3281859013543952 0.7250887377729236 0.3221283000473197 0.7212302582929203 0.37486087792436457 0.8040175153792724 0.38091847923144007
2 0.6977845154992821 0.25296973824262803 0.6075148816595028 0.24119543636243188 0.6006981321376476 0.2934571746443722 0.6909677659774267 0.30523147652456833
2 0.7180390346859951 0.3894286501113209 0.6098268865667336 0.38515711920769635 0.6084187913818108 0.42082887440618827 0.7166309395010722 0.42510040530981286
2 0.5858117196652186 0.4869472066218611 0.5852551707455729 0.4639431980504883 0.4925674878214449 0.4661856433024032 0.4931240367410906 0.48918965187377605
2 0.43348000214783805 0.4704982148062327 0.4116308997390445 0.4057912542109016 0.3736542687819292 0.41861453151042055 0.39550337119072276 0.48332149210575165
2 0.6637851591732182 0.48460803659707796 0.6632518461080825 0.4616162953898336 0.5768592582943655 0.4636202452167141 0.5773925713595012 0.4866119864239584
3 0.6115311598673745 0.24112938405730241 0.512948720507285 0.22693948758967752 0.5050101858021468 0.2820914133252034 0.6035926251622363 0.29628130979282824
3 0.742848768222877 0.20144950594621153 0.6601632587715602 0.18882715931419944 0.6532520448194264 0.23410061465648377 0.7359375542707433 0.24672296128849586
3 0.7722394472736112 0.3070700537147893 0.7352200635537771 0.23392117778116753 0.6904579400506542 0.2565745159894046 0.7274773237704881 0.32972339192302635
3 0.79931779133382 0.40325684213707086 0.7887176719471227 0.37498982371546674 0.6877627354254223 0.412847880191228 0.6983628548121197 0.4411148986128321
3 0.7255731616358407 0.4553969377505688 0.7242272661864666 0.42892767471143883 0.627886080640956 0.4338263816766205 0.62923197609033 0.46029564471575046
3 0.6468047031458035 0.45495993062850104 0.6449156857584393 0.42675061367249595 0.5455375135167416 0.43340540420081064 0.5474265309041059 0.46161472115681573
3 0.4839587613772417 0.4347684442202298 0.46022847889088025 0.36431916735886016 0.41519846367612406 0.37948717232666224 0.43892874616248545 0.4499364491880319
4 0.4955456478107205 0.20069811464057122 0.4567704443961862 0.16439792350956728 0.4026474963137952 0.22221107148212868 0.4414226997283296 0.2585112626131326
4 0.4445088264225531 0.2506350403786765 0.4099592648183183 0.2204041705739977 0.36237240641731605 0.2747891454854033 0.3969219680215509 0.3050200152900821
4 0.6377587414813869 0.3130443977840986 0.5386615462088093 0.30537616276742396 0.5338399424344422 0.3676861219322721 0.6329371377070198 0.3753543569489467
4 0.508120366424334 0.48847521573121755 0.5067192606817761 0.46260864744507524 0.4136773108836856 0.46764841958333464 0.41507841662624345 0.49351498786947695
5 0.6663954434846806 0.18830146797943687 0.5776660084720275 0.1728120593696047 0.569401272165638 0.2201557250618523 0.658130707178291 0.23564513367168444
5 0.5213011893182085 0.30777217677686414 0.4918665696894756 0.23440205647589782 0.4388201243775079 0.25568322562226464 0.46825474400624073 0.329053345923231
5 0.39247184270214686 0.3371081719855028 0.36972551794476327 0.27130630163429187 0.330186959781659 0.28497395089131816 0.3529332845390426 0.3507758212425291
5 0.45715520430867895 0.3584998467453605 0.4340567531746634 0.28874860331389673 0.39052430936309523 0.3031645760859635 0.4136227604971108 0.37291581951742736
6 0.5608700078424433 0.4564842689757831 0.5596571705677488 0.4264059118985973 0.4578428521471253 0.43051132896513683 0.45905568942181973 0.46058968604232264
6 0.5442727055661536 0.38945792391979167 0.5172975030972189 0.31377748546064305 0.463472558161131 0.33296261198860266 0.49044776063006557 0.4086430504477513
6 0.4108328338333074 0.4050114795702708 0.39154998940664354 0.33752152597510243 0.3540543575106197 0.34823456396098484 0.3733372019372835 0.4157245175561532
6 0.7287357778622178 0.3216823352014648 0.6368946844226773 0.31357871006051763 0.6319003052054957 0.3701816797660058 0.7237413986450363 0.37828530490695295