5 0.6296388890624999 0.34994915625 0.6212105257476824 0.21286195439523675 0.48677831637268243 0.2211270840827368 0.49520667968749993 0.35821428593750004
5 0.8838296940657926 0.47187748262829476 0.8683844893114883 0.361375248281131 0.7827846233706957 0.3733397797153362 0.7982298281250001 0.4838420140625
3 0.7704850867688994 0.4916767529007834 0.7572837010711492 0.3773558742401179 0.6602734781249999 0.38855828437499995 0.6734748638227501 0.5028791630356654
3 0.79362269282209 0.6396823385328033 0.78059920625 0.518555059375 0.6836398915129838 0.528980030052922 0.6966633780850737 0.6501073092107253
3 0.4731686515625001 0.5334320437500001 0.45797524653293264 0.3975560679875922 0.3599447303317506 0.40851766240886456 0.3751381353613182 0.5443936381712724
6 0.6396658716642433 0.520568132704862 0.6240835304178713 0.3884064605973562 0.4939490743786278 0.40374978570499404 0.5095314156249999 0.5359114578124998
6 0.894086257862224 0.6054125907741092 0.8786686515625 0.49458655781250005 0.7960347749502759 0.506082201413391 0.8114523812499999 0.6169082343750001
4 0.7580159449413635 0.3399743183682106 0.7450902219184152 0.21359966573705838 0.647045965625 0.223627728125 0.6599716886479483 0.35000238075615225
4 0.45443650781250006 0.359040675 0.43790773750000006 0.21853596250000001 0.33901171624662196 0.23016994680580902 0.355540486559122 0.370674659305809
4 0.25829795000000005 0.5078105156250001 0.2365618573325204 0.40636689830557016 0.18350884542800694 0.41773444624517353 0.2052449380954866 0.5191780635646035
4 0.5084295640625001 0.7136086312500001 0.49207461632057264 0.5510680023688198 0.38500607522648844 0.5618413112113629 0.40136102296841586 0.7243819400925433
2 0.869853175 0.33507217187500005 0.8554117957924958 0.21862894343689682 0.7749044075479897 0.22861353196333653 0.7893457867554939 0.34505676040143973
1 0.3477668659430053 0.5166556114547651 0.33476818629922617 0.4030421623698498 0.26465466103290247 0.41106395258019524 0.27765334067668157 0.5246774016651106
2 0.35306150781249995 0.518555059375 0.3421439182897075 0.40049376189807007 0.2630691645696607 0.40780611337294753 0.2739867540924531 0.5258674108498775
2 0.37289583281249994 0.6673246531249999 0.3553109379143784 0.5354266667458837 0.2821231843694373 0.5451841997397397 0.2997080792675589 0.6770821861188561
0 0.6597171764724763 0.6958130360145101 0.646167328125 0.5565739093750001 0.5312424797775237 0.5677576499229902 0.544792328125 0.7069967765625
0 0.28033597812500005 0.6392237109375001 0.2616376613719387 0.5187749249410347 0.20894447750589204 0.5269549479649577 0.2276427942589534 0.647403733961423
0 0.3376349203125 0.37391765937499993 0.31890244687499997 0.2540753968749999 0.2411536404976729 0.26622826698841767 0.25988611393517297 0.3860705294884177
0 0.24066765937500004 0.386315228125 0.22193518593750006 0.28134995 0.16660681174056896 0.29122404663936496 0.1853392851780689 0.39618932476436497
1 0.7723429741271474 0.4911415266878138 0.7590243506774156 0.3781349749928877 0.6572023781379237 0.3901354164790012 0.6705210015876555 0.5031419681739273