1 0.6140342981901548 0.5036765413414144 0.5749701081210192 0.5017893825128752 0.5725929694640207 0.5509961556330584 0.6116571595331564 0.5528833144615976
1 0.4456123066640674 0.4977013701875343 0.3989541797219222 0.49443094184580916 0.39547847728227153 0.5440176469184554 0.4421366042244167 0.5472880752601805
0 0.6197623523066873 0.4427427794153854 0.5835574581241729 0.4396615098635343 0.5794813008683773 0.4875563271243963 0.6156861950508918 0.49063759667624735
0 0.5654725932080836 0.5004984717602539 0.5227969226795669 0.49847699261878436 0.5203574270086497 0.5499774564979825 0.5630330975371665 0.5519989356394519
0 0.5588326912714239 0.5656594387557072 0.5156665798720876 0.5626824661216346 0.5119720735254434 0.6162528183309606 0.5551381849247797 0.6192297909650332
0 0.4371497440645308 0.5604859759832223 0.39218166239715174 0.5588327372883914 0.39042100505845667 0.6067226053650725 0.43538908672583565 0.6083758440599032
0 0.445591218104321 0.4976729640361922 0.3989514731948953 0.4944340939388513 0.3955103275129141 0.543986608235593 0.44215007242233983 0.5472254783329339
2 0.6564872345582414 0.5012721933242492 0.6219240885727184 0.5009476570589915 0.6214842201813631 0.5477936864627018 0.6560473661668861 0.5481182227279595
2 0.608481057104059 0.5650524342091423 0.5680956869558804 0.5647260881076754 0.5676955882982531 0.6142383461412265 0.6080809584464316 0.6145646922426934
3 0.574003693769743 0.43640202124133387 0.532287682417061 0.43320079196296407 0.5283735968023374 0.48420621073831915 0.5700896081550195 0.4874074400166889
4 0.4513888890625 0.434523809375 0.40277777812500004 0.434523809375 0.40277777812500004 0.4826388890625 0.4513888890625 0.4826388890625
4 0.38647001595075675 0.49387413993842244 0.3447248180856682 0.4898014373947793 0.33998099654378305 0.5384256044633424 0.3817261944088716 0.5424983070069855
4 0.38049229470002177 0.5541299964080058 0.33944950858182893 0.5497167936892855 0.33441010055426756 0.5965832892980539 0.37545288667246035 0.6009964920167741
5 0.5191208111853787 0.4815867565870824 0.5188049807958992 0.4314749517129937 0.4643977042789384 0.43181785437587017 0.46471353466841786 0.48192965924995884
5 0.5100981289034842 0.49691865855808215 0.45707322300924735 0.4952263760287009 0.4554125137714509 0.5472619844587175 0.5084374196656877 0.5489542669880988
5 0.6583994703125 0.560019840625 0.621362434375 0.560019840625 0.621362434375 0.6071428578125 0.6583994703125 0.6071428578125
6 0.39507686263393327 0.43371989336047195 0.3485490320891689 0.4323051942845451 0.34705413078813524 0.48147078405498667 0.3935819613328996 0.4828854831309135
6 0.5011917922837414 0.5627282625105644 0.4500796722184832 0.5593207885551169 0.4465390451902557 0.6124302051315076 0.4976511652555139 0.6158376790869551
6 0.6139916104849201 0.5039726807951294 0.5748735026433603 0.502286557105464 0.5727820838403431 0.5508075207688918 0.6119001916819029 0.5524936444585571
6 0.6547619046875 0.443700396875 0.622354496875 0.443700396875 0.622354496875 0.49156746093750003 0.6547619046875 0.49156746093750003