1 0.5996411365544922 0.6008960518794827 0.5990552269678008 0.5411332131315912 0.532705201364192 0.5417837029157592 0.5332911109508834 0.6015465416636505
1 0.39079247499426606 0.5444495972986181 0.3608604954973531 0.543528612756194 0.359115449513053 0.6002425728903741 0.389047429009966 0.6011635574327981
0 0.3572442717440831 0.4857041853094707 0.3309887462559161 0.48501776706319955 0.32956933820115564 0.5393101821648207 0.3558248636893226 0.5399966004110918
0 0.43055555625 0.5396825390625 0.39715608437500005 0.5396825390625 0.39715608437500005 0.6011904765625 0.43055555625 0.6011904765625
2 0.6810753381017038 0.6744656146457035 0.6793072772869562 0.6177771753459955 0.6208942353436847 0.619599024947183 0.6226622961584324 0.6762874642468911
2 0.4325680589482279 0.680773337400314 0.43217876387431253 0.6165395858245335 0.3965289186397346 0.6167556452760712 0.39691821371365 0.6809893968518516
3 0.6797173228596254 0.5485282830434919 0.6206221149015587 0.5459852518255142 0.6182726729602328 0.6005818132544636 0.6773678809182995 0.6031248444724413
3 0.3544045296046955 0.6178133306308061 0.32617628580220426 0.61623412853688 0.32312650412937177 0.6707489882474902 0.35135474793186305 0.6723281903414163
4 0.5163368580266117 0.5992186704498802 0.5158554498738871 0.5382001279509853 0.44339432102782467 0.538771812831573 0.44387572918054924 0.599790355330468
4 0.5231304769647479 0.466900217527041 0.45238750048711396 0.46194820970842343 0.44834849578056996 0.5196482831763752 0.5190914722582038 0.5246002909949927
4 0.3946709570171792 0.47370928162507475 0.3635569276483701 0.4724521489003267 0.3611575962041493 0.5318355915165048 0.39227162557295836 0.5330927242412529
4 0.39071002521645826 0.5443447661369258 0.36052138006578416 0.5437108844843865 0.3593323260146756 0.6003396426604348 0.38952097116534967 0.6009735243129741
5 0.600739276707801 0.46833412840719124 0.5359525817826172 0.46698440692488336 0.5347727231710256 0.5236176760296541 0.5995594180962095 0.524967397511962
5 0.434854496875 0.4640376984375 0.400132275 0.4640376984375 0.400132275 0.5265376984375 0.434854496875 0.5265376984375
5 0.3546235353806473 0.6040620409823633 0.35380493578313965 0.5500345410365386 0.32758139782147505 0.5504318679097453 0.3283999974189827 0.6044593678555699
5 0.5214889193263929 0.6796303448697987 0.5204863505364552 0.6101192772095537 0.446717373916127 0.611183258473468 0.44771994270606463 0.6806943261337131
5 0.5992396643689497 0.601405256859047 0.5989406890024286 0.5416101251648887 0.5335603803836707 0.5419370263887631 0.5338593557501918 0.6017321580829214
6 0.676104387918161 0.4768441757778071 0.6171241680196962 0.4758423896082885 0.6161980045843574 0.5303703165654475 0.675178224482822 0.5313721027349662
6 0.6033678104769835 0.6769494470217292 0.601692715163741 0.6179023476181407 0.5385258888282378 0.6196943146379561 0.5402009841414802 0.6787414140415446
6 0.3886539928111715 0.6162289492726234 0.35847024218995155 0.6150590365521207 0.3561798233645572 0.6741518470090744 0.38636357398577725 0.6753217597295771