1 0.5723351649201194 0.36370371250044986 0.4585870983088027 0.3556465568614998 0.45521897647378307 0.40319650674614216 0.5689670430850997 0.41125366238509214
1 0.537694067963353 0.5925233378661326 0.4210222452707586 0.5814633703705676 0.4155132385569556 0.6395779945575627 0.5321850612495499 0.6506379620531277
0 0.7247022841593397 0.37771549435395824 0.6085468594236826 0.3675412967277218 0.6043364776269728 0.4156098229999993 0.72049190236263 0.4257840206262357
0 0.5768441900655052 0.3139462572850541 0.4758834598386558 0.3043959191007988 0.47209533398325476 0.34444182587120076 0.5730560642101041 0.3539921640554561
0 0.4495989051427431 0.30347009750357806 0.3408960156007913 0.29661267409049424 0.33844367268567793 0.3354868612249707 0.4471465622276297 0.3423442846380545
0 0.3872733909751484 0.6508806495189856 0.28070486066941464 0.6387280981274184 0.27519705589728083 0.6870273104380539 0.3817655862030146 0.6991798618296211
2 0.4288907518903911 0.3533290585047895 0.3119678295367534 0.342858349255657 0.30787482785775433 0.3885635356112579 0.424797750211392 0.3990342448603904
2 0.5633174135180743 0.42493316059173125 0.4351416400081276 0.4152595167330187 0.4306352718018262 0.47496889191774655 0.5588110453117728 0.4846425357764591
2 0.7296830293681875 0.5247442189698921 0.5901411187393234 0.5110055351602043 0.5832098925738636 0.5814050403476664 0.7227518032027278 0.5951437241573542
2 0.537739250670635 0.5925637790283439 0.42100199704124996 0.581456317138671 0.4154724164082655 0.6395711288957127 0.5322096700376505 0.6506785907853855
3 0.7124321524322471 0.3235391925086161 0.6070815569916574 0.31705305430574293 0.6045906529008139 0.3575113703248998 0.7099412483414036 0.363997508527773
3 0.38803579410134204 0.49167786021677407 0.2609928423985345 0.4809829162602134 0.25528922500862644 0.548734967279881 0.382332176711434 0.5594299112364417
3 0.5526762095754162 0.5047992133955136 0.42743483745441935 0.49394286520485553 0.4213914249956809 0.5636610849352105 0.5466327971166777 0.5745174331258686
3 0.5240518967587103 0.6665865626518336 0.41931314733458186 0.6557817286152119 0.4144110912266977 0.7033007580243147 0.5191498406508261 0.7141055920609364
4 0.667833238015868 0.6796525064803908 0.5518486875464443 0.6682066644551599 0.546919201432165 0.7181587981426265 0.6629037519015888 0.7296046401678574
5 0.4062194304023417 0.41279281751237357 0.2717423319262134 0.3996870007682986 0.2659052295451164 0.45958075688028543 0.40038232802124474 0.4726865736243604
5 0.38734199342745346 0.5785239415086748 0.2711955775480538 0.5689631091199414 0.26654956851215295 0.6254035188795638 0.38269598439155267 0.6349643512682972
6 0.737562986402137 0.4402784504393636 0.6031061851330549 0.4308130803048077 0.5988132993854424 0.4917940749867129 0.7332701006545245 0.5012594451212689
6 0.5725660211883618 0.3635499835054336 0.45854779195327683 0.35568665596334487 0.4552600890613763 0.4033583394814378 0.5692783182964612 0.41122166702352647
6 0.6950501594046072 0.6116677148074892 0.5694624520305736 0.5991089426738458 0.5638014687061841 0.6557187696240583 0.6893891760802178 0.6682775417577016