6 0.3878630953125001 0.4124188984375001 0.24591640218038507 0.37507105184787826 0.22478174531250011 0.4553968250000001 0.3667284384446151 0.49274467158962204
6 0.51568353125 0.5551277281250001 0.3774396793362832 0.5205812726368718 0.3606828703125001 0.5876366562500001 0.4989267222262169 0.6221831117381283
6 0.4576501328125001 0.6388794640625 0.33889566290445383 0.6073703514414135 0.32468750000000013 0.6609193953125001 0.4434419699080464 0.6924285079335866
6 0.6834873428063973 0.5930196915113561 0.5350738901734197 0.5592526189581595 0.519326035428069 0.6284677838392161 0.6677394880610467 0.662234856392413
2 0.5737172625000001 0.45760069375000006 0.4248258835547297 0.4187189952422904 0.4040244703125001 0.49837475156250016 0.5529158492577705 0.5372564500702097
2 0.42459325468750003 0.3325240578125 0.27854437287410716 0.292571909116907 0.26445006562500006 0.34409499062500004 0.41049894743839294 0.384047139320593
2 0.4686693124999999 0.2327931546875 0.35535312906034283 0.2036522243323171 0.3467255296874999 0.23720114062500003 0.4600417131271571 0.2663420709801829
2 0.5766554234375001 0.6653273812500001 0.4859191068027389 0.6413879162004764 0.4716074734375001 0.6956324406250002 0.5623437900722612 0.7195719056745239
3 0.764713625 0.5016808031250001 0.5973913708127498 0.4611882439910017 0.5774392564458 0.5436338296264344 0.74476151063305 0.5841263887604328
3 0.3055876328125001 0.5975545640625001 0.1903095123813821 0.5723025238279416 0.17814308621911826 0.627843491105126 0.29342120665023624 0.6530955313396845
3 0.6048614009768124 0.37162779664512746 0.4655788749112567 0.3399668289093752 0.4527994848719442 0.3961857588267478 0.5920820109374999 0.4278467265625
5 0.3437870375000001 0.5149047625 0.21808876713466824 0.4843355644019264 0.20127447031250006 0.5534747031250001 0.3269727406778319 0.5840439012230737
5 0.7924560399066071 0.42068471486211106 0.637492725 0.3847001484375 0.6242757498827249 0.44161750164507696 0.7792390647893319 0.477602068069688
1 0.6113655201890333 0.31712155444322326 0.48942046643307985 0.2840517103500093 0.4773921727292943 0.3284060447147582 0.5993372264852478 0.36147588880797216
5 0.6082193521290236 0.2616605783771993 0.496439817418804 0.2381804705361774 0.4883831637272805 0.27653502184647816 0.6001626984375 0.3000151296875001
0 0.6095017216125568 0.31308106092188676 0.4889212831720095 0.2859613362814025 0.47884780218445283 0.3307503144220158 0.5994282406250001 0.35787003906250003
0 0.7693355881347429 0.35711665650206126 0.6430039687500001 0.32600297656250016 0.6321766756709901 0.3699652938094983 0.7585082950557329 0.4010789737490594
0 0.7554823636673633 0.2995368874078479 0.6341858468749999 0.27391964218750003 0.6265209441451367 0.31021261571715214 0.7478174609375 0.3358298609375
4 0.45324272499999996 0.2730161203125 0.3219931613769702 0.23991998186761637 0.310729828125 0.284587053125 0.44197939174802975 0.31768319156988367
1 0.5165623812754061 0.5537804730193798 0.3778929843241804 0.519695767028402 0.3604497809639769 0.5906612754736641 0.4991191779152027 0.6247459814646419