1 0.6144809722875296 0.47054703427245553 0.5493529942261911 0.4116217181716381 0.5219722887090031 0.4418846018730401 0.5871002667703417 0.5008099179738574
1 0.5277408810082506 0.6519335011047295 0.4754537119087008 0.6122217270786807 0.4425253898801961 0.6555773510540663 0.4948125589797458 0.6952891250801151
1 0.43264179317402823 0.4346658400981228 0.4164419895670049 0.42549613882597115 0.3738172249505657 0.5007998804733671 0.390017028557589 0.5099695817455189
0 0.6149455835036848 0.5421877707896334 0.5423683787779926 0.4768974350813012 0.5110924090711907 0.511664026978537 0.5836696137968829 0.5769543626868692
0 0.6740143492335043 0.5220093256560148 0.6086235348361526 0.4664719203331079 0.5828728561082024 0.4967912671501747 0.6482636705055541 0.5523286724730816
0 0.6680318394634817 0.46414759234008846 0.6093870842794857 0.40733108909183346 0.5866274304960799 0.4308231072184741 0.6452721856800758 0.48763961046672905
0 0.41401690163433313 0.6565635025623998 0.3597124625967024 0.6184094840133257 0.3300559322290925 0.6606194872229245 0.3843603712667233 0.6987735057719987
2 0.5511447099638608 0.41280437872835163 0.4855369742418419 0.35375741761185664 0.4585991618886596 0.38368832075029446 0.5242068976106785 0.4427352818667895
2 0.6140873012968748 0.4127810832499998 0.5550181867734375 0.35371197244791686 0.5307126313046876 0.378017529447917 0.5897817458281249 0.43708664025
2 0.6463031694669028 0.6491951775761088 0.5928512028956708 0.6063372931985456 0.5550487653590869 0.6534841520988977 0.6085007319303187 0.6963420364764608
2 0.5926518641876258 0.7015521699978564 0.5411110078410755 0.6626534099708469 0.508169728645159 0.706300604321758 0.5597105849917093 0.7451993643487677
2 0.45747031403380334 0.5989332692178102 0.4025114385357231 0.5561081707555229 0.36679965127543496 0.6019382970208597 0.4217585267735152 0.6447633954831469
2 0.4682614088197786 0.43297243053880063 0.4492344130742311 0.42114851088256317 0.39460411537308965 0.5090593282898237 0.41363111111863715 0.5208832479460611
2 0.432166785977014 0.4342121184892721 0.416094581402088 0.425403314100911 0.37432948392755616 0.5016062993311559 0.3904016885024822 0.5104151037195169
3 0.6812211128111404 0.5934390407922638 0.6081490610549911 0.5343094712411948 0.5779099892947777 0.5716787778926125 0.650982041050927 0.6308083474436815
3 0.579891817614817 0.5936982138725794 0.5275352845180814 0.5499573143106881 0.48748567230432743 0.5978954881567444 0.5398422054010631 0.6416363877186357
3 0.5108644637912273 0.5353876632770012 0.452988105552764 0.49066502068551693 0.4133962576224273 0.5419015273264561 0.47127261586089064 0.5866241699179404
3 0.5277408810082506 0.6519335011047295 0.4754537119087008 0.6122217270786807 0.4425253898801961 0.6555773510540663 0.4948125589797458 0.6952891250801151
3 0.38705626718266367 0.4795398113522511 0.37235740375179177 0.47519959559572156 0.34570235253656 0.5654713653726398 0.36040121596743185 0.5698115811291693
3 0.4804827594940667 0.3674673141324051 0.46475059607899966 0.3571430820687151 0.4118472022099332 0.4377577788738101 0.4275793656250002 0.4480820109375001
3 0.4819265107272079 0.31939348259302214 0.4673948406249999 0.3099332015625 0.42763921271029204 0.37100069709447786 0.44217088281250005 0.380460978125
0 0.419008555303208 0.4289566912665233 0.4057822421875 0.4190307546875001 0.35079179157179197 0.4923055446709769 0.36401810468750007 0.5022314812500002
4 0.3707131958169462 0.5516570805867229 0.35200961392982805 0.546046004895822 0.32413854058572567 0.6389495640865547 0.3428421224728438 0.6445606397774556
5 0.5378410940195495 0.365695763258973 0.5071102554880814 0.3555577545683897 0.5023958695843496 0.36984823669405403 0.5331267081158177 0.3799862453846374
5 0.4457448692239465 0.37592714762465945 0.4337335175956665 0.36862551064495597 0.3922754908657591 0.4368248662486045 0.40428684249403907 0.44412650322830804
6 0.5465548981202681 0.4796557393625962 0.47320109959673634 0.4164899677877604 0.4406825587797978 0.45425343416984837 0.5140363573033296 0.5174192057446841
6 0.41718442343537127 0.49118917957450375 0.39988170327129186 0.4832901126780663 0.3595172938818959 0.5717074016325434 0.3768200140459753 0.5796064685289808
6 0.4790023211449652 0.7051367713949237 0.4276773355472524 0.6679533513354137 0.3985761813961375 0.7081222307793253 0.4499011669938503 0.7453056508388355
6 0.6144809722875296 0.47054703427245553 0.5493529942261911 0.4116217181716381 0.5219722887090031 0.4418846018730401 0.5871002667703417 0.5008099179738574
4 0.5427786534042631 0.7502057670346762 0.4911693579174054 0.7129793891757744 0.46197623347608363 0.7534516744780768 0.5135855289629413 0.7906780523369784