1 0.412515043971789 0.6625545353997747 0.3593415708263732 0.5632973874425763 0.3051349853376361 0.5923366302287278 0.35830845848305193 0.6915937781859263
1 0.5952355438330847 0.5021302846046172 0.5453444053511477 0.3989286777625053 0.5015204547301891 0.4201146539905773 0.5514115932121262 0.5233162608326891
0 0.48857899402867283 0.4259708329406477 0.4351039575643183 0.31290932610434385 0.37981528122996816 0.33905937545160697 0.43329031769432264 0.45212088228791086
0 0.5837970943565887 0.34717815284902986 0.5417391884642219 0.2565918960943844 0.5045758447298295 0.2738463060835309 0.5466337506221963 0.36443256283817643
0 0.6320775890002688 0.4671564977552805 0.5912487922194078 0.3678303016028478 0.5554355050550954 0.3825516287081596 0.5962643018359562 0.48187782486059233
0 0.6191058407584226 0.6979915875829936 0.5601970317609979 0.5773003720929337 0.507642760072474 0.6029518624713118 0.5665515690698987 0.7236430779613716
5 0.5541296207946237 0.5640141753968569 0.4990599383495697 0.44725441551798245 0.44556556446903306 0.4724850102473157 0.5006352469140871 0.5892447701261901
5 0.5522053527556526 0.7427738330492403 0.501625551921691 0.6410873564851293 0.43530703011042793 0.6740748071094171 0.48588683094438956 0.7757612836735281
2 0.5363940465292497 0.377427652091887 0.4875849836065765 0.27809692385639834 0.4437645798079508 0.29962936285385966 0.4925736427306241 0.3989600910893484
2 0.595300607239466 0.502207407035506 0.545259023889998 0.3987575258303449 0.5013642816809382 0.4199906328698965 0.5514058650304061 0.5234405140750577
2 0.6796386143087095 0.5755957838597541 0.6369304486442219 0.4754524946942741 0.6010791678276151 0.4907420108781255 0.6437873334921027 0.5908853000436055
2 0.40331525370094345 0.8081894239931942 0.35891390777057586 0.7255453058436909 0.31351135883143055 0.7499382611647291 0.35791270476179815 0.8325823793142323
0 0.4725894304501904 0.7804726826431839 0.42412598226333936 0.6890405109424373 0.3711610696660146 0.7171144618246582 0.4196245178528657 0.8085466335254047
6 0.3473068035339235 0.7057565924610086 0.30024914702508326 0.6132500866535542 0.25470091957660274 0.6364202715302638 0.30175857608544304 0.7289267773377183
6 0.42572636005628944 0.48618258241616086 0.36498575042111947 0.36097494193454216 0.29701807957734894 0.3939473527766685 0.3577586892125189 0.5191549932582873
3 0.35322140602799357 0.544251797747136 0.29484844042089264 0.4308037750629878 0.23914938915824555 0.4594628801472137 0.29752235476534644 0.5729109028313618
3 0.29347942987156056 0.5970384532887584 0.2428001701893657 0.49990320140726824 0.19505471883082806 0.5248138706151383 0.24573397851302295 0.6219491224966285
3 0.6542417454613068 0.6219177570315524 0.6033855845663527 0.5145547539610309 0.5598554324929566 0.5351743003067336 0.6107115933879107 0.6425373033772551
4 0.4936161845378426 0.6162940228576587 0.43704046452675194 0.5034395679477128 0.36888444144455523 0.5376072583773439 0.4254601614556459 0.6504617132872899
4 0.41197574016104765 0.6636074357950695 0.3596101182839781 0.5632399940549361 0.30515165432591373 0.5916531057392771 0.35751727620298324 0.6920205474794107