1 0.5481412377005335 0.3913529632717344 0.5050444471440547 0.36498453164349454 0.45275456518239227 0.45044756269883035 0.4958513557388711 0.4768159943270702
1 0.7337680525159933 0.5683624811365973 0.6806762330785008 0.535600125762801 0.6176799130604611 0.6376864748504892 0.6707717324979536 0.6704488302242855
0 0.498973601554565 0.3552548973497621 0.4646981711353978 0.3329935363921105 0.4167649987393617 0.40679540853980517 0.4510404291585289 0.4290567694974568
0 0.7698840954597987 0.6381526793798898 0.727026803096134 0.6108416597753055 0.6709343404462513 0.6988636782128903 0.7137916328099161 0.7261746978174747
2 0.6132973698387066 0.42966716608558836 0.5607716454342002 0.39692613043097436 0.5019229172312744 0.4913358525836388 0.5544486416357808 0.5240768882382528
2 0.4831775732073898 0.4962524052551124 0.4404820500780244 0.4696297608292019 0.38558959710809815 0.5576624129546282 0.4282851202374635 0.5842850573805386
2 0.7038451850462287 0.7411045834822916 0.6596499650965171 0.7137035468907265 0.607638052328058 0.797593728093392 0.6518332722777698 0.8249947646849571
3 0.6875352952756151 0.4883274958556652 0.6255037427953256 0.44998071731281053 0.5575055928701634 0.5599777226917997 0.6195371453504529 0.5983245012346543
3 0.6116310729762808 0.612916288855773 0.550795201065686 0.5752740855655423 0.48725641562737254 0.677963011144009 0.5480922875379672 0.7156052144342396
3 0.440039676310087 0.44843748625249225 0.4053519275536891 0.4259116003559731 0.3553920315993932 0.5028451481293903 0.39007978035579105 0.5253710340259093
3 0.5623768644202715 0.26042221476431565 0.527431161997663 0.237686456981102 0.47814599489362025 0.31343958559412904 0.5130916973162287 0.3361753433773427
4 0.6908161598746371 0.30770098496019144 0.6377525981941827 0.27419689823763366 0.5765077957276137 0.37119603091669107 0.629571357408068 0.4047001176392489
4 0.8057485579009411 0.4541479413459407 0.7542490981210774 0.42246189726010097 0.6886406679555048 0.529095552801907 0.7401401277353685 0.5607815968877466
4 0.7338399545133327 0.5687793522703862 0.6807812782205829 0.5356176797675198 0.6173514508061422 0.6371054041818083 0.670410127098892 0.6702670766846748
5 0.5423262020442806 0.5470808925928546 0.4893558216716383 0.5136448376370935 0.42655901649118394 0.613129380924167 0.47952939686382623 0.6465654358799282
5 0.8359969119920783 0.532856122218637 0.7926300400925119 0.5055005294342834 0.7316615838818912 0.6021539359695851 0.7750284557814575 0.6295095287539387
6 0.7672257867577567 0.3658532818589955 0.7057922893371851 0.32663457478251834 0.6309685449611577 0.4438409961507336 0.6924020423817293 0.48305970322721076
6 0.6153802870364775 0.28194191772353394 0.5734627358404916 0.2560192230522245 0.5208231993270134 0.3411384783887007 0.5627407505229993 0.36706117306001007
6 0.5477796577879388 0.3908253555856311 0.5048006204599584 0.365079795581418 0.4531418307791534 0.45131777407737134 0.49612086810713374 0.4770633340815844
6 0.6606896007743897 0.6833016657619512 0.6080161183024366 0.6505987583797649 0.5502643037294476 0.7436176804310447 0.6029377862014007 0.776320587813231