1 0.7397056750711075 0.559296438230537 0.6466595062895626 0.5338612242844597 0.6161570517953199 0.6454441869888259 0.7092032205768647 0.6708794009349031
1 0.3700176206673601 0.5023358157950033 0.31323684447496936 0.48645308102954754 0.28692429739125014 0.5805204358695899 0.34370507358364083 0.5964031706350458
0 0.3282982988554949 0.3751803179321957 0.28399887566932935 0.3631175644498864 0.2602732373022988 0.45024792783867723 0.3045726604884643 0.46231068132098657
0 0.6084400833792399 0.5384329049965241 0.4869437531084005 0.5170470754314924 0.46614209747052665 0.6352246198598772 0.5876384277413661 0.6566104494249089
0 0.7045171377349992 0.6866310114164162 0.6095922164278027 0.6638821210517915 0.5811183249889397 0.7826959120025268 0.6760432462961362 0.8054448023671515
0 0.8135997396497116 0.6942506555016413 0.7359574986081334 0.6725601281611819 0.7057475016580537 0.7806982028260718 0.7833897426996319 0.8023887301665313
2 0.4010461601893735 0.37512455844400644 0.3422515808777115 0.36070028952459904 0.31780454064678565 0.4603485596604007 0.37659911995844764 0.47477282857980807
2 0.7745561532942686 0.43060862778339837 0.6826898598665722 0.4074332676111972 0.6568543626335892 0.5098442485849709 0.7487206560612856 0.5330196087571721
2 0.8472702030430032 0.5754505184593541 0.7675133429922324 0.5557574663652141 0.7430058161767181 0.655012948810066 0.8227626762274889 0.6747060009042063
2 0.3382505171713562 0.6211371659928053 0.28007107405368475 0.605125740749303 0.25159117310586243 0.7086108928823501 0.30977061622353386 0.7246223181258524
2 0.4268315927298028 0.6554144169114546 0.3508460854415616 0.6344061607068961 0.31733694262748635 0.7556065683337385 0.39332244991572757 0.776614824538297
3 0.5070086881258296 0.3735336831665425 0.43063742445541775 0.35228603577689627 0.397893367428786 0.4699793016223407 0.47426463109919775 0.49122694901198694
3 0.46403186615839304 0.5173209754876739 0.3887009035948773 0.49723271964777654 0.3590858200174919 0.6082892877273478 0.4344167825810077 0.6283775435672452
3 0.37018385777139284 0.502305329571106 0.31293659896634324 0.48619422056120304 0.2864259624228294 0.5803938979614551 0.34367322122787897 0.596505006971358
3 0.571236341753526 0.6782327830132228 0.4334461423655157 0.6740534841097972 0.4299950050511658 0.7878364198720385 0.567785204439176 0.7920157187754641
4 0.26835475299470907 0.5881523411465794 0.22218985456749243 0.5760615346320397 0.19866724914072642 0.6658751205962417 0.24483214756794305 0.6779659271107814
5 0.8790009911046874 0.4576763312303747 0.8006311051646596 0.4365238644427601 0.7752278064216964 0.5306430820723647 0.8535976923617243 0.5517955488599793
6 0.6513471524678677 0.4015801236334998 0.5394110202331579 0.37293764028581683 0.5106308986369517 0.4854116690778967 0.6225670308716614 0.5140541524255797
6 0.739526423472588 0.559260480546673 0.6464406822724413 0.5340256192122942 0.6162856441458104 0.6452607885972745 0.7093713853459571 0.6704956499316534
6 0.2970333170335312 0.4830596678410366 0.2536428712135703 0.4711046125043194 0.23047236048170153 0.555201152605158 0.27386280630166243 0.5671562079418752