1 0.7034552747387298 0.4030270023378863 0.5880120966844092 0.36350025909352623 0.5710953737512595 0.41290782716949925 0.68653855180558 0.4524345704138593
1 0.3848346301877828 0.45517279200061334 0.34638711697404434 0.40323492394425015 0.2662382937917406 0.46256587174178243 0.3046858070054791 0.5145037397981456
1 0.6141207934717846 0.6334460395617169 0.6003803881167706 0.5927337237176405 0.4646207158104362 0.6385526089782371 0.47836112116545026 0.6792649248223134
0 0.6524976385173552 0.45748669578878615 0.5105163375515029 0.41781544967275586 0.4904861410657608 0.4895024682082833 0.6324674420316129 0.5291737143243136
0 0.4490275862199827 0.2909273791204415 0.40959544131326764 0.24820921480625158 0.3304015136520034 0.32131128933133996 0.3698336585587184 0.36402945364552985
0 0.39769277495058075 0.5990897953358473 0.37368158502416093 0.49704224130003133 0.2946092450822771 0.5156474983315192 0.3186204350086969 0.6176950523673351
2 0.7038155172097922 0.40300038069325883 0.5880928956891429 0.3637222679944937 0.5713364376562461 0.4130907614819245 0.6870590591768952 0.45236887418068966
2 0.7436174515685268 0.3645946840214239 0.6459374812111915 0.32457873071542304 0.6306221938213048 0.3619637408092315 0.72830216417864 0.4019796941152324
2 0.297585445745035 0.656588033225489 0.2864614993920266 0.5559817386595032 0.2220820996470238 0.5631001102493899 0.2332060460000322 0.6637064048153758
2 0.6070745677045227 0.7034271785916355 0.6063122963298652 0.6698872044905002 0.4809261242750938 0.6727368873628554 0.4816883956497514 0.7062768614639906
3 0.5569677765841855 0.2908454154211576 0.4397329731529904 0.24544566453181696 0.422458495618689 0.2900531775344029 0.5396932990498841 0.3354529284237436
3 0.6560230064388857 0.3304101127596083 0.5516468158959127 0.28907713852701516 0.5363423069689952 0.32772488574533454 0.6407184975119682 0.3690578599779276
3 0.7474898008407802 0.5438035029761906 0.686810857692018 0.4297563290998993 0.6302490355221506 0.4598501181451118 0.6909279786709127 0.573897292021403
3 0.705992355373119 0.6436876323670992 0.6952073363304822 0.6127432725825439 0.5705672965786799 0.656183990424415 0.5813523156213168 0.6871283502089705
3 0.2903929824450208 0.42611074587611303 0.2573968205199154 0.3891864697012618 0.191720410720218 0.4478760278160494 0.22471657264532344 0.4848003039909006
4 0.48363756535583036 0.38776787346750197 0.43970900143166647 0.32919643440194635 0.350886245923336 0.3958134777172208 0.3948148098474999 0.45438491678277637
4 0.3848319482919069 0.45528527124010976 0.3464008460428064 0.40324315376874703 0.26632819927507867 0.4623737238686279 0.3047593015241792 0.5144158413399906
4 0.6248129806151035 0.5551318964855256 0.5961898515019083 0.49530698061308254 0.43969473296418593 0.5701818035554299 0.468317862077381 0.630006719427873
4 0.5008029986327502 0.5977745244935986 0.3426798974846682 0.596030521398082 0.3421238608760086 0.6464445562923661 0.5002469620240907 0.6481885593878827
4 0.8359471511008001 0.5697251632546942 0.7714930684142864 0.4660550457995022 0.7280367282900635 0.49307284618764724 0.792490810976577 0.5967429636428393
5 0.6015923181337257 0.3695690786793968 0.47549850672766175 0.324509083835128 0.4569866636852563 0.3763117716391332 0.5830804750913202 0.42137176648340197
5 0.3609263148731256 0.3656629339982219 0.32846833185452706 0.32779528524980783 0.2573899003882642 0.38871965203181463 0.28984788340686274 0.4265873007802288
5 0.5180430433527138 0.5005215030266027 0.472499180112213 0.4251385575419813 0.370875286920069 0.48653632680869807 0.4164191501605698 0.5619192722933194
5 0.735026376664725 0.5724807017482083 0.715154319266556 0.5275525717417733 0.5730432436861751 0.5904093933019935 0.5929153010843441 0.6353375233084286
5 0.40326918056806377 0.656320022462394 0.2629289164243924 0.6404147905416997 0.2581161010820453 0.6828808029700324 0.3984563652257166 0.6987860348907267
5 0.6142933942994885 0.6331867247677805 0.6004320576039669 0.5922627746205247 0.4645200898369758 0.6382974692037766 0.4783814265324974 0.6792214193510324
6 0.5124147537378402 0.6679623625957696 0.38333860271167697 0.6559614778487409 0.3798906414205635 0.6930462079936843 0.5089667924467267 0.705047092740713
6 0.8209153987814763 0.597859748978404 0.8056669451591422 0.5594844748894474 0.6734323338068963 0.6120280302474631 0.6886807874292306 0.6504033043364197
6 0.7794156550441226 0.4767690072797022 0.7231024583651002 0.3818851252974963 0.6845562227965271 0.4047621587773877 0.7408694194755494 0.49964604075959346
6 0.30337233486175574 0.5132470566641265 0.2690748460696175 0.46712952790300066 0.1955524193396646 0.5218079695819258 0.22984990813180284 0.5679254983430516