1 0.38797466195092734 0.44202918535612035 0.3698283816550677 0.40215217598219627 0.26090863857715746 0.45171678021596345 0.27905491887301703 0.49159378958988753
1 0.6845824710687267 0.5028376741714982 0.6016638631204729 0.4259652142093273 0.5711695711902542 0.4588579333764479 0.654088179138508 0.5357303933386188
1 0.5124683318923309 0.679067417394449 0.4979097824130041 0.6201142760361298 0.35923567662686395 0.6543600139912628 0.3737942261061907 0.7133131553495821
0 0.5992108046403454 0.3571371188084754 0.523815879814164 0.2984966437116319 0.4985354359938997 0.3310000836693333 0.573930360820081 0.38964055876617676
0 0.69824817891087 0.5779760650558199 0.6004807432849949 0.5068071174511464 0.5652760383543945 0.5551691326118761 0.6630434739802696 0.6263380802165496
0 0.7476257002331919 0.6914006500194672 0.7289190700978248 0.5726469567951529 0.6754139605728728 0.5810753287224577 0.69412059070824 0.699829021946772
0 0.7401858620250799 0.49108712709074503 0.6685648914069965 0.42850091495976006 0.6427209928993183 0.45807556139788164 0.7143419635174015 0.5206617735288667
2 0.2556320372340736 0.5683785925368847 0.23567000691941264 0.5208499467917599 0.12005154509499391 0.5694096985728264 0.1400135754096548 0.6169383443179514
2 0.6065895985172666 0.5093310384769822 0.5073019199547462 0.434028587796394 0.4696610925771002 0.4836587171709542 0.5689487711396206 0.5589611678515425
2 0.7604566072639947 0.5715226692473843 0.6821309657926766 0.4939802981061119 0.6503667003314236 0.5260654204914609 0.7286923418027416 0.6036077916327333
2 0.3955423319240695 0.7018482919265694 0.2806667937947467 0.6422013779781766 0.2548329750333977 0.6919553993633067 0.3697085131627206 0.7516023133116997
2 0.48104065690238074 0.7548358653134157 0.47154192339611445 0.7056957499069365 0.3453950043676132 0.7300798189425228 0.35489373787387946 0.7792199343490022
2 0.6844296214895661 0.5027545319133354 0.6014957325768195 0.42586789978103534 0.5710890263671262 0.45866614214204826 0.6540229152798728 0.5355527742743484
3 0.36251426153200617 0.5304464923817978 0.3403005194175637 0.47834997561833265 0.22084129396222144 0.5292869017760713 0.2430550360766639 0.5813834185395363
3 0.4893495782841578 0.48486531587024206 0.46677726750519816 0.42843457447421385 0.33852170450418945 0.4797368319950226 0.36109401528314916 0.5361675733910508
3 0.6046003959355495 0.4311420202323323 0.5175726166355407 0.358256251427686 0.4854484292932697 0.3966134881292501 0.5724762085932785 0.4694992569338964
3 0.5122549021842561 0.6789799260546148 0.49752956795770126 0.6200785877211705 0.3592826016883207 0.6546403284510581 0.3740079359148755 0.7135416667845023
3 0.5938698991136111 0.7336705439481938 0.5850492271967542 0.6847699772150153 0.4535435061576882 0.7084909460701326 0.46236417807454505 0.7573915128033111
4 0.5092925034112159 0.3288643498707229 0.4930691264149706 0.2935020906556881 0.3890581439718179 0.34121989538259 0.40528152096806325 0.3765821545976248
4 0.4047399609016159 0.37551020183397166 0.39050893560916844 0.34369967253809175 0.2950048390283026 0.3864251865128207 0.30923586432075006 0.4182357158087007
4 0.29877030981410746 0.6455087962759072 0.16719450723024987 0.5867993446668747 0.1435681245041814 0.6397492562081635 0.27514392708803903 0.6984587078171959
5 0.3121936688627655 0.41876339558377307 0.2979560912968894 0.38838987883720305 0.20554141416426613 0.4317092331575981 0.21977899173014226 0.4620827499041681
5 0.5024123123068623 0.3965529185442522 0.4847344927574772 0.3540836826336278 0.3704720484762146 0.40164542533902264 0.3881498680255998 0.44411466124964705
5 0.3887408823902917 0.43963095344050657 0.368712313033726 0.3999346894822389 0.26028263708795907 0.45464238911041627 0.2803112064445248 0.49433865306868385
5 0.6709473993254936 0.43184099202063864 0.5997115675666207 0.36672699374447537 0.5767350376832682 0.3918637118159317 0.6479708694421411 0.456977710092095
5 0.6466693537339877 0.6460351733177743 0.631099802450809 0.5822305372329655 0.48233468787113437 0.6185320698914625 0.4979042391543131 0.6823367059762713
6 0.41311323202998124 0.6123040297596243 0.28237489825828915 0.5401512709084155 0.24881231404270981 0.6009655267633519 0.3795506478144019 0.6731182856145607
6 0.5475156917438686 0.5830312186224342 0.5259889448924457 0.5062431689045557 0.3688295436475329 0.5503012047363047 0.3903562904989556 0.6270892544541833
6 0.28467666200228126 0.485596369842426 0.26648873911500687 0.4495236539198067 0.1662446542819224 0.5000668868929102 0.18443257716919675 0.5361396028155295
6 0.723043738099763 0.7097162077168685 0.7127313849216206 0.6549976009376858 0.569724524368865 0.6819488948342698 0.5800368775470074 0.7366675016134525