1 0.6287424185879549 0.7851418387554036 0.6223005094473127 0.71009359310706 0.5216666431034097 0.7187316927436136 0.5281085522440518 0.7937799383919572
1 0.6065824597077637 0.43889797285877474 0.603284323958595 0.3615096020978941 0.5019708319849503 0.36582737809532223 0.505268967734119 0.4432157488562029
0 0.5013466205269506 0.7953220743885108 0.4922746253458106 0.7187141193147047 0.39742678279294863 0.7299461012903637 0.40649877797408857 0.8065540563641698
0 0.5038737310899728 0.8740453155746971 0.49747526197751235 0.8131756671158129 0.41207926564093345 0.8221522861488022 0.418477734753394 0.8830219346076864
0 0.6286530969857255 0.7852767373382317 0.6222521698550378 0.7100658400241417 0.521707278868611 0.7186228516215353 0.5281082059992986 0.7938337489356252
2 0.781067283241917 0.5498365794508576 0.7625754439966339 0.44628224006773626 0.648637334196851 0.46662832332103166 0.667129173442134 0.570182662704153
3 0.7392401397365307 0.42982898566135985 0.7279184372072212 0.34585969685555973 0.6225490246124175 0.36006680950415504 0.633870727141727 0.4440360983099552
3 0.7053367931013312 0.3318477804536797 0.6970225329744818 0.26533373872374283 0.6043892453790684 0.2769129065121119 0.6127035055059178 0.3434269482420488
4 0.4741807617084052 0.35812443954906026 0.4694465719668255 0.29500190660231557 0.3824606682970152 0.301525849061391 0.3871948580385949 0.36464838200813576
4 0.48143551495197806 0.4495070480691757 0.47358592572982267 0.37238482895444197 0.3750796628209792 0.3824109110423255 0.38292925204313455 0.4595331301570592
4 0.4983469333084177 0.6929882804300964 0.48723937039459264 0.5980910597815916 0.37893813714837743 0.6107675402275564 0.3900457000622025 0.7056647608760611
4 0.6427797279748215 0.6789926052742754 0.6336556076571097 0.5783014330236813 0.5165755827706784 0.5889106275537233 0.5256997030883903 0.6896017998043172
4 0.7578691549439481 0.7755982209441088 0.7523966792505581 0.7040651721942248 0.6431011659812967 0.7124265806650694 0.6485736416746868 0.7839596294149533
5 0.49046985959668293 0.5650275175265879 0.4801038217767822 0.4698565653091487 0.3679715496435798 0.4820700332495397 0.37833758746348056 0.5772409854669789
5 0.5882010115704294 0.3449949597530858 0.583642235267922 0.28421128912245364 0.4927842639895599 0.2910256384708946 0.4973430402920672 0.3518093091015267
5 0.6061144475585243 0.4393005713009252 0.6031690606182709 0.3616159730656076 0.502027593089417 0.36545071977659876 0.5049729800296705 0.44313531801191636
5 0.6160565410317409 0.8671931961042804 0.6116633105401802 0.8078845810085404 0.5232333010996439 0.8144349516961047 0.5276265315912047 0.8737435667918445
5 0.7300010090904703 0.8551941099446081 0.7259511175029006 0.7961331934397762 0.6282867569382934 0.8028301784454797 0.632336648525863 0.8618910949503116
6 0.6330659875264791 0.547504790012405 0.6231312893969474 0.4547808469204454 0.5104438815698954 0.46685448553448605 0.5203785796994272 0.5595784286264457
6 0.7877274910964551 0.6797202482244594 0.7814278563384318 0.5869131315651954 0.6543341712391225 0.5955400970932422 0.6606338059971459 0.6883472137525061