1 0.5427314132900265 0.2919826811339069 0.4302134971221875 0.2763450115643539 0.4194639241199426 0.35369154638701295 0.5319818402877816 0.36932921595656587
1 0.5231641638960658 0.6577362575267177 0.40966724758458223 0.6546053063767905 0.40725887196905664 0.7419088740764247 0.5207557882805401 0.7450398252263519
0 0.6380644140905173 0.2234673923147322 0.5395581834905279 0.21195807526526042 0.5325559062944336 0.2718893404514221 0.6310621368944231 0.2833986575008939
0 0.5485874439701186 0.3911621512172524 0.4251470552211372 0.38498047529005686 0.4199868196222437 0.48802396962165595 0.543427208371225 0.49420564554885144
2 0.39119113816424 0.37997440701642854 0.2601365534501134 0.37295362631304446 0.25430711638551573 0.48176979447077367 0.3853617010996423 0.48879057517415775
2 0.3716184360422161 0.8324601845540236 0.37081047179625215 0.7639851459911675 0.2686304530694571 0.7651908087190153 0.26943841731542106 0.8336658472818714
3 0.4992882974758155 0.7659102502053596 0.3998124308506992 0.7654851400934249 0.39952975636397603 0.8316310367685642 0.49900562298909235 0.8320561468804989
3 0.4046178291119051 0.1891249845494128 0.3066785611486266 0.1791496902062936 0.3000728375244834 0.24400589533297112 0.3980121054877619 0.2539811896760903
4 0.665166316119213 0.3009689750569888 0.5537792485875912 0.29441679036466994 0.5490284588422636 0.37518016365781015 0.6604155263738855 0.381732348350129
4 0.5415570403754554 0.2908930280648709 0.4286610015207807 0.2757319290886543 0.41796602727100957 0.35537128968817305 0.5308620661256842 0.3705323886643897
4 0.5424587498926798 0.5236531812477113 0.41675225733753163 0.5219601582372564 0.4153006063882221 0.6297448416852488 0.5410070989433703 0.6314378646957037
4 0.6914911751429195 0.5430009651936301 0.565810187292822 0.5360548645162124 0.5600920958983816 0.6395165631648968 0.6857730837484791 0.6464626638423144
5 0.6967400174419327 0.4065215854659628 0.5671103485016029 0.39798629716997075 0.5604212248407825 0.4995773454840934 0.6900508937811123 0.5081126337800853
5 0.5243741519163658 0.20800042740766655 0.4268213260105524 0.19612184964544577 0.41946765169356953 0.25651390370887467 0.517020477599383 0.26839248147109546
5 0.3855742977194657 0.5237609321045167 0.2526231465514001 0.5214686660222347 0.2507154717358866 0.632113570964667 0.3836666229039522 0.634405837046949
5 0.6552184476056235 0.6611578507339043 0.5440446921862222 0.6597461196946115 0.543027966707458 0.7398132051087192 0.6542017221268592 0.7412249361480121
5 0.5233615232865001 0.6580415289795504 0.4096355865376987 0.655139431168764 0.4074243350383104 0.741792833139043 0.5211502717871118 0.7446949309498293
6 0.40635228186335093 0.2754817715559309 0.29346439951123793 0.2600629406044261 0.28269066250569963 0.3389420955415984 0.39557854485781263 0.3543609264931032
6 0.3758854300303614 0.6598734878945327 0.26075456114341633 0.6582618569058052 0.2595399828561859 0.7450282783249366 0.374670851743131 0.7466399093136641
6 0.6233858123910296 0.8268756010875645 0.6204450155706771 0.7590534867936531 0.5149022065251653 0.7636298695927365 0.5178430033455178 0.8314519838866478