1 0.5417349625734114 0.2778249195800379 0.4402896829293449 0.2727000934537137 0.43787897895169714 0.32041967127419113 0.5393242585957635 0.32554449740051533
1 0.5276413795888498 0.4859047960598425 0.4304222604082029 0.4807699820829704 0.4280370683129179 0.525929607266024 0.5252561874935647 0.5310644212428961
0 0.4009264973521461 0.47874746688463177 0.2990686712035714 0.4760722135284083 0.2978223596813166 0.5235243855125986 0.39968018582989123 0.526199638868822
0 0.39737861533224983 0.5362848062376057 0.3057014297497264 0.5344848610521875 0.304929579588399 0.5737977529419878 0.3966067651709224 0.5755976981274059
0 0.5275493930610048 0.48398462377265544 0.4288807434737433 0.48239319555770094 0.4281635085407739 0.5268618065876524 0.5268321581280354 0.5284532348026068
2 0.6907821972905287 0.34695780352886185 0.5792625293310175 0.34181074446664816 0.5768019365987104 0.3951236132668102 0.6883216045582216 0.4002706723290239
3 0.6585584859748165 0.23134056463645045 0.563123396899637 0.22570121865016116 0.5607622494846611 0.2656590993008078 0.6561973385598406 0.2712984452870971
3 0.6750480221131449 0.283753189492946 0.5735937877817765 0.2787890669491701 0.5712419962882285 0.32685379604900044 0.6726962306195968 0.33181791859277626
4 0.4148449895768039 0.21776245129101177 0.32070596915249766 0.21380333347363661 0.3189241277928259 0.25617155990399415 0.4130631482171322 0.2601306777213693
4 0.4066017956988694 0.27214219922355104 0.3048660859533757 0.2689181800858661 0.303354564361506 0.3166150811827151 0.4050902741069996 0.3198391003204001
4 0.40373463935456205 0.40811837457208444 0.29094542255031136 0.4034404805612266 0.2885972952444805 0.4600564361956662 0.40138651204873116 0.46473433020652405
4 0.5420731044503164 0.41650290060638345 0.4358082551306429 0.41428904948203427 0.43465608416897145 0.4695932532227043 0.540920933488645 0.4718071043470535
4 0.6602984322790398 0.486493462549379 0.555755447860619 0.48320364816114586 0.5543075551020691 0.5292144597856668 0.6588505395204899 0.5325042741739
5 0.5368060948359783 0.22405648798660738 0.4446679750417865 0.22040197068260126 0.44307119033685566 0.2606602943378681 0.5352093101310473 0.2643148116418742
5 0.4075421579934065 0.33355327908622356 0.2949603690757136 0.3277350992492367 0.29203542405308464 0.3843327899978276 0.4046172129707776 0.3901509698348144
5 0.5421756215985166 0.2780799546555898 0.43978601127306904 0.2725619515304488 0.4371954645855067 0.3206309829996192 0.5395850749109543 0.3261489861247601
5 0.5150641473950888 0.5418977483385639 0.42349222348939436 0.5394879594690505 0.42250702494739967 0.5769254823412322 0.5140789488530941 0.5793352712107457
5 0.6314237690407587 0.5441754707706488 0.5359767291003672 0.5407666485867468 0.5345604587014019 0.5804222275649711 0.6300074986417933 0.583831049748873
6 0.5497922757886509 0.34461383703084164 0.44075596632914893 0.3379720326794541 0.4373280722315619 0.39424663847099806 0.5463643816910638 0.40088844282238556
6 0.6863386064288102 0.4190434703702726 0.5705277382336467 0.4134276425193953 0.5677862035283503 0.4699641893720455 0.6835970717235139 0.4755800172229228