1 0.5277252816985407 0.3612593371750492 0.5035966695829772 0.29042462757977916 0.40801490544638563 0.32298289351113396 0.43214351756194913 0.39381760310640407
1 0.5880774795894532 0.6917366779340504 0.5668250650945565 0.6229459658185849 0.4703274962264931 0.65275822198322 0.4915799107213898 0.7215489340986855
0 0.6508785868873732 0.32859951555454237 0.6223058021975861 0.2524054140480157 0.5302205648621928 0.2869373739697001 0.5587933495519798 0.36313147547622676
0 0.7245975235048723 0.5626011926063402 0.6984743609363182 0.476249631258803 0.5777952634672314 0.5127575951290042 0.6039184260357855 0.5991091564765414
0 0.7110928250714977 0.6534038332968961 0.6875212709795082 0.5903152571691743 0.5828381431479647 0.6294276315743975 0.6064096972399542 0.6925162077021193
0 0.4462382022141522 0.6393035891909047 0.4202693769348569 0.5549049048805161 0.3189363475934677 0.5860842977287566 0.344905172872763 0.6704829820391452
0 0.48538021152459193 0.8033187654214652 0.4690454717732281 0.7467305601823929 0.3873620247612897 0.7703092872916434 0.4036967645126537 0.8268974925307158
2 0.583913529098381 0.5924442398175621 0.5554912578624664 0.5050457520260433 0.44504447804914593 0.540963402460404 0.4734667492850603 0.6283618902519229
2 0.41303122929280206 0.4012123936685512 0.3893120264284417 0.32911849971703644 0.2872465018604215 0.3626984986600032 0.3109657047247819 0.434792392611518
2 0.5027296827970547 0.2708131474261757 0.4823134509169667 0.21179748276873958 0.39610958130578916 0.24161936482596227 0.41652581318587706 0.3006350294833983
2 0.588050052329886 0.691814708409672 0.5668115496431343 0.6228811181282307 0.4703282092818434 0.6526077242011739 0.49156671196859525 0.721541314482615
2 0.6992032717564877 0.7329990092551042 0.6830339958410988 0.682124946599962 0.5921525295583375 0.7110097540485479 0.6083218054737264 0.7618838167036901
3 0.612954869107578 0.23678455198746393 0.5912092478394116 0.17320625427322836 0.5065008276205454 0.20217899010493506 0.5282464488887118 0.26575728781917063
3 0.6953036803081071 0.4420189779346839 0.6641977751755191 0.35122336053748276 0.5603076494650799 0.3868153471024772 0.5914135545976679 0.4776109644996783
3 0.593044469744042 0.7708064913295358 0.5766427536861332 0.7152141353541146 0.49326781466686176 0.7398126984505258 0.5096695307247706 0.795405054425947
4 0.4302674259729091 0.5213279757259646 0.40188566299062434 0.4285196248279736 0.28736598176281614 0.4635409393752707 0.31574774474510087 0.5563492902732616
5 0.399774178294684 0.3089145337567882 0.37916042573914815 0.24900581643855083 0.28679280747978897 0.28078822327641173 0.3074065600353248 0.34069694059464906
5 0.46856635828837784 0.7296444005279528 0.4471671604658458 0.6638681776448597 0.35751461022263215 0.6930351406271953 0.3789138080451642 0.7588113635102883
6 0.5572862060287177 0.47338369038682443 0.5286448883338993 0.38626634648065383 0.4216696153216781 0.4214362982084398 0.4503109330164964 0.5085536421146105
6 0.5278045837358156 0.36134380764102253 0.5036838256998865 0.29025552229667007 0.40813088441198264 0.32267731113659415 0.4322516424479117 0.3937655964809466