2 0.6087027109375001 0.37722371093750007 0.6001398955129809 0.25372281792313267 0.46186077968749994 0.26331026718750006 0.4704235951120192 0.38681116020186745
2 0.8654457671875001 0.3631733624999999 0.8566508964797792 0.26024984007038887 0.7627867062499999 0.2682705859375 0.7715815769577208 0.37119410836711103
2 0.4665572093749999 0.5524414687500002 0.44633254327714866 0.4277101652182164 0.3708854492515017 0.4399436001420572 0.391110115349353 0.5646749036738409
2 0.311189153125 0.6574067453125001 0.29926341758324454 0.5581148173156557 0.2551808859375 0.5634094734375 0.26710662147925546 0.6627014014343444
6 0.43714061244083585 0.39167164907272756 0.41697156093750004 0.2681259921875 0.3384020469341642 0.28095260717727244 0.3585710984375 0.4044982640625
6 0.3706917984375 0.5516148312500001 0.3563848736050074 0.44153629369550684 0.29796627031249995 0.4491289687500001 0.3122731951449925 0.5592075063044935
6 0.38832242031249997 0.6838546624999999 0.36841146240471073 0.5643796738797875 0.3141352158031386 0.5734250152851924 0.3340461737109278 0.692900003905405
6 0.2935588625 0.5425235609375 0.27813227500000004 0.4483025796874999 0.23547048793390593 0.4552874972966176 0.2508970754339059 0.5495084785466177
3 0.62853670625 0.5292993546875 0.6109506089477662 0.411003902725802 0.48666236718750006 0.429480903125 0.5042484644897339 0.547776355086698
3 0.48859523749999995 0.7119556046875 0.4710127524797697 0.5734810853640417 0.3917986725512703 0.5835391117831896 0.4093811575715006 0.722013631106648
3 0.2809945427469426 0.4269654869178191 0.2627056875 0.33093973281250005 0.2157673619405574 0.3398795037071809 0.23405621718749997 0.43590525781249995
5 0.3453482140625 0.40945709375000006 0.32441203750000003 0.30614484062499997 0.2646146805692723 0.3182627451794366 0.2855508571317723 0.4215749983044367
5 0.6591525697661136 0.6858492654871481 0.6293865234118419 0.5602617231227712 0.5018033973957283 0.5905007513856233 0.5315694437499999 0.7160882937500002
5 0.8911560783357745 0.493618601672447 0.8748644590285389 0.3897500998273634 0.7875882937500001 0.40343923593750003 0.8038799130572356 0.5073077377825836
4 0.7563574734375 0.37143824375 0.7490033435930751 0.26031909025905836 0.628858134375 0.2682705859375 0.636212264219425 0.3793897394284417
0 0.7715425680373464 0.5214718076689415 0.7552556218750001 0.4036716265625001 0.6494387564227387 0.41830177037468985 0.6657257025850851 0.5361019514811314
0 0.7883524744445257 0.6611053619968097 0.7695803578125 0.5540944937499999 0.6681653833679743 0.57188496456569 0.6869375 0.6788958328124999
0 0.9113765770418789 0.6222633245516378 0.8907893515625 0.5210344734375001 0.807308427016484 0.5380122480337763 0.8278956524958628 0.639241099147914
1 0.7698011988892566 0.5183623401078394 0.7520762241077117 0.4030200713815527 0.6507202375000001 0.4185957343750001 0.668445212281545 0.5339380031012868
1 0.3686703046875 0.5476889875 0.35350925464426025 0.43973326063469587 0.2956474570758776 0.4478592362915556 0.31080850711911734 0.5558149631568596