1 0.5379464281249999 0.3475529093750001 0.45262896875 0.3475529093750001 0.45262896875 0.44477513281250003 0.5379464281249999 0.44477513281250003
1 0.5096500380751721 0.668854334500513 0.4181432321808189 0.6638172624223311 0.4151762821138735 0.7177168532283092 0.5066830880082266 0.7227539253064912
0 0.5542158717562614 0.56590441155444 0.546514603056735 0.45359425177987384 0.4598275384341119 0.4595385081033629 0.4675288071336383 0.5718486678779291
0 0.6334909337516093 0.45813818562182823 0.6160599939445707 0.3589621463403657 0.5489399587279894 0.3707590007235718 0.566370898535028 0.4699350400050344
0 0.6143445432028177 0.35836936858517054 0.5972992883783359 0.26888176957069115 0.5348068850934675 0.28078508299418037 0.5518521399179493 0.3702726820086597
0 0.3768384741614444 0.7313896023964006 0.2885233773086018 0.7294749139111167 0.28756412263470055 0.7737205810696436 0.37587921948754316 0.7756352695549273
2 0.4425967784160025 0.3368568162097921 0.3457893608434819 0.3239491642866049 0.334010234602316 0.4122926367829119 0.4308176521748365 0.425200288706099
2 0.5393755352351531 0.2785313035328396 0.4494036220657282 0.25346450161528716 0.4313257675621653 0.3183510859124706 0.5212976807315902 0.343417887830023
2 0.6523781281816162 0.6034159741622809 0.552904206992826 0.5942236644803753 0.5470170329104863 0.6579312973774819 0.6464909540992764 0.6671236070593874
2 0.606781363003444 0.6732652820337908 0.5164247379028513 0.6699372297581987 0.5145504793399962 0.7208233530163884 0.6049071044405889 0.7241514052919805
2 0.39875122543256103 0.6635927147449807 0.30196196049973156 0.6594162614359702 0.299562696281194 0.7150191864323725 0.39635196121402344 0.719195639741383
3 0.6594648446016758 0.5767480279378219 0.6351465487403646 0.462756035837039 0.5612383678731676 0.4785231171536875 0.5855566637344788 0.5925151092544703
3 0.43228977285717135 0.5826842015265181 0.3280305299219214 0.5746719623732064 0.32268048226722035 0.644289444761521 0.4269397252024703 0.6523016839148327
3 0.5473866233335966 0.5919818351364634 0.44745863199652514 0.5846380455972399 0.44255153215563475 0.6514096527860921 0.5424795234927062 0.6587534423253156
3 0.5099358971395958 0.6688721002012205 0.418168498314632 0.663773911080217 0.4151717032881971 0.7177162184094108 0.5069391021131608 0.7228144075304143
4 0.5672123015625001 0.7331349203124999 0.4801587296875002 0.7331349203124999 0.4801587296875002 0.7764550265625 0.5672123015625001 0.7764550265625
5 0.4353716641028614 0.24009830345978442 0.34838846709672155 0.22935963829029005 0.3387217691328459 0.3076599000192101 0.4257049661389857 0.3183985651887045
6 0.5398798964596137 0.3495791704119103 0.45302941870102204 0.34740791086176165 0.45064375951011926 0.44283438370555617 0.5374942372687108 0.4450056432557048
6 0.44039702128697666 0.4410113569738224 0.3409550882761225 0.438249083957244 0.3377127191112737 0.5549744964534841 0.4371546521221279 0.5577367694700625
6 0.47569444375000014 0.733796296875 0.3896329359375001 0.733796296875 0.3896329359375001 0.775132275 0.47569444375000014 0.775132275