1 0.5701694013267343 0.4748550163091706 0.5515873057091341 0.38194445042067465 0.5095676900945364 0.3903483656018859 0.5281497857121367 0.4832589314903819
1 0.3800372881534198 0.5422596235774276 0.3612752373430389 0.4380260123420122 0.30934661386263296 0.44737316496106566 0.3281086646730138 0.5516067761964811
0 0.5463936269360345 0.3562567791421614 0.5297808596807846 0.262908864158234 0.4896296729646562 0.27005441550827725 0.5062424402199062 0.3634023304922046
0 0.42911248283933323 0.3819553452787746 0.40738790855021634 0.2703151778681081 0.34990409656565263 0.28150121756013535 0.3716286708547695 0.39314138497080187
0 0.45327208139565495 0.515614856714439 0.429557378669511 0.40368145912990716 0.36826445985484246 0.41666724693117374 0.39197916258098636 0.5286006445157055
0 0.4012427952018431 0.6653991259736303 0.38168378053417873 0.568633473435919 0.3306190291689747 0.5789550720068934 0.3501780438366391 0.6757207245446047
0 0.5701966531472374 0.4748689561097077 0.5516618948871451 0.3819480349482188 0.5091865870534811 0.3904205032888173 0.5277213453135734 0.48334142445030626
2 0.36092415186642535 0.4175471791200839 0.34057434727235647 0.31251591159241093 0.2869770462303591 0.3229003868886532 0.307326850824428 0.4279316544163262
2 0.31838349899428753 0.5644835186339965 0.30147987021776795 0.4651486038889619 0.25647092690171147 0.47280768802258033 0.2733745556782311 0.572142602767615
3 0.4752243960172925 0.650791749991031 0.45508721756334064 0.5424345404242891 0.39345593003399354 0.5538881413456089 0.4135931084879454 0.6622453509123508
4 0.5942351701630971 0.3565119437346497 0.5767877000092365 0.2702262662878857 0.5420710128632732 0.27724618408587515 0.5595184830171338 0.36353186153263917
4 0.6159205007684285 0.4635337757978327 0.5990601128767887 0.37876348381011893 0.5636596305627642 0.3858044630184021 0.580520018454404 0.4705747550061159
4 0.5978161600469221 0.598595365146525 0.5750548181675729 0.49835349160213155 0.5282234179233114 0.5089872265270501 0.5509847598026606 0.6092291000714435
5 0.5165577505045624 0.4922999377028468 0.49708397058222886 0.38707319842927496 0.44196668491947877 0.3972734754531812 0.46144046484181234 0.502500214726753
5 0.5428933353668259 0.6328560769813748 0.5237156894174608 0.5177901106707118 0.4668195044364071 0.5272728006999279 0.4859971503857722 0.6423387670105909
5 0.2994020783114764 0.4487543772274042 0.28286829234971667 0.3492690275692342 0.23854221765229897 0.3566357185854515 0.25507600361405874 0.45612106824362153
6 0.49430467036831705 0.35950414107017015 0.47379274272071925 0.2540142304679505 0.42109315088517263 0.26426137361763785 0.4416050785327704 0.3697512842198575
6 0.6367521642497012 0.5764144649973897 0.6184025558905404 0.48670526654671126 0.5821747784909772 0.49411549357454854 0.600524386850138 0.583824692025227
6 0.33793758391293316 0.6806651119255908 0.3214065215275022 0.5873132421116958 0.27609369558380836 0.5953373893947519 0.2926247579692393 0.6886892592086469
6 0.3801239857079611 0.5426453778245914 0.36121725616545586 0.4380748282269461 0.30928802998352967 0.44746381813424757 0.32819475952603483 0.552034367731893