1 0.6119366367713438 0.4432873959980118 0.4945962229815247 0.42279300577087653 0.4891995503692722 0.4536915975509556 0.6065399641590912 0.4741859877780909
1 0.3442189407714762 0.5134492979997624 0.30752721342680533 0.49583726813461515 0.2678537026355385 0.5784904121449891 0.3045454299802094 0.5961024420101364
1 0.6089955127279151 0.6310753870693626 0.48970163012152074 0.6229849796147281 0.4853480389285026 0.6871791255348612 0.6046419215348969 0.6952695329894957
0 0.5448231151509393 0.707069441442745 0.4269117836199178 0.7033589447780053 0.4251574097740375 0.7591090437167043 0.543068741305059 0.762819540381444
0 0.4553622528897662 0.3835481933911827 0.34706152430495335 0.3585557054521812 0.340971198449435 0.3849471047030839 0.44927192703424784 0.4099395926420854
0 0.6086457491410926 0.6307156197594539 0.48991208693228694 0.6232947731763071 0.4859296830811532 0.6870132975173735 0.6046633452899589 0.6944341441005203
2 0.44159335362145924 0.4899221655847194 0.3922146209943102 0.46022336270131897 0.3396700546975815 0.5475866177241626 0.3890487873247306 0.5772854206075632
2 0.6779658873822195 0.4926347615384736 0.5450932221076039 0.47310786521162845 0.5393973183733858 0.5118661961642397 0.6722699836480015 0.5313930924910849
2 0.782073487519031 0.5081123248341697 0.6538070498289144 0.48753779429933297 0.6481756064576543 0.5226455300049964 0.776442044147771 0.5432200605398332
2 0.5600180159472774 0.4029517815531499 0.4541243246242078 0.38061482696785004 0.44860533646565137 0.4067789142092888 0.5544990277887211 0.4291158687945888
3 0.3933876257746558 0.43390899322593546 0.35230511166383505 0.41055682738200616 0.30807873667359154 0.488362487325941 0.3491612507844123 0.5117146531698703
3 0.7078706064527722 0.4582926796550709 0.5935522545050242 0.43981007127409555 0.5886447068936025 0.4701641611016066 0.7029630588413506 0.48864676948258196
3 0.646080687150275 0.4199358438188 0.5450873020277001 0.40157341410390013 0.5407989429920501 0.42515939386560014 0.641792328114625 0.44352182358049996
3 0.6115890344847135 0.44313445685976927 0.4943228558322314 0.4228383882227444 0.4889560953377726 0.45384633888468773 0.6062222739902546 0.4741424075217126
4 0.2778885903733498 0.5324316881527751 0.24884578893043363 0.5166475566960076 0.20989405605657924 0.5883187441041574 0.23893685749949536 0.604102875560925
4 0.30146248261500064 0.5896335540260826 0.2678227563136783 0.5730955877453953 0.2290069950275843 0.6520503735806098 0.26264672132890665 0.6685883398612973
4 0.4927884491672165 0.6185121735689851 0.36417109289708904 0.6081149615129438 0.3583967237547875 0.6795460421918348 0.487014080024915 0.6899432542478762
4 0.43032245625726073 0.6992602117290215 0.307644527227403 0.6934694720103702 0.3047475543957213 0.7548423958013981 0.42742548342557907 0.7606331355200494
4 0.6757967801157426 0.546809464515874 0.5509933158298856 0.5324616181270091 0.5424843022309062 0.6064765152778653 0.6672877665167631 0.6208243616667302
4 0.5608389145669695 0.47293806035647334 0.421503954682614 0.4448463348016956 0.41338814278262015 0.48510076215289466 0.5527231026669758 0.5131924877076723
5 0.780502789676597 0.5632586083700257 0.7272004820425674 0.5203716932722277 0.6564026805192823 0.6083632447279972 0.7097049881533118 0.6512501598257953
5 0.7145477259973313 0.6383508724957243 0.6019733915096303 0.6305108745402758 0.5977184596569861 0.6916073345551726 0.7102927941446872 0.6994473325106212
5 0.3339370422550366 0.6530231391307106 0.29063002877553873 0.63033851905445 0.24415074376263574 0.7190717231285924 0.2874577572421336 0.741756343204853
5 0.3142818354894793 0.4626003612044661 0.2854737725934806 0.44681189286358675 0.247782883525869 0.5155837001993573 0.2765909464218677 0.5313721685402367
5 0.3462516785708328 0.5153360971619166 0.30886673833759615 0.4956598122577631 0.26641890140761154 0.5763107000847969 0.30380384164084817 0.5959869849889504
6 0.4987784409875536 0.4213046049808825 0.3762957678066961 0.4005262947210754 0.3708622888758902 0.43255522372423477 0.4933449620567476 0.4533335339840418
6 0.3550314783332227 0.386587867208363 0.32372559232679193 0.3697793376579141 0.2851645761336494 0.4415992296723477 0.3164704621400801 0.45840775922279653
6 0.38866966937437325 0.5805094825797327 0.3424179606564259 0.5516021642516071 0.2897122650834653 0.6359312760615243 0.3359639738014127 0.6648385943896499
6 0.5552915892877347 0.5269345878729179 0.42331211766818794 0.5127939272165998 0.4150515921954968 0.5898921486988101 0.5470310638150435 0.6040328093551282
6 0.6503327802393033 0.7621944471969756 0.6500924565998487 0.7080414674484387 0.5384635429508422 0.7085368615508698 0.5387038665902969 0.7626898412994068